abscissa MeanToken_Buffer1_low MeanToken_Buffer1_mean MeanToken_Buffer1_up MeanToken_Buffer2_low MeanToken_Buffer2_mean MeanToken_Buffer2_up 
0.5 0.111799 0.128103 0.144407 0.121623 0.138297 0.154971
1.5 0.254848 0.281474 0.3081 0.267886 0.294923 0.32196
2.5 0.256483 0.28085 0.305217 0.232202 0.256066 0.279929
3.5 0.248829 0.272674 0.296519 0.255436 0.278987 0.302537
4.5 0.239534 0.261843 0.284151 0.245948 0.268955 0.291962
5.5 0.247709 0.270883 0.294057 0.261124 0.284592 0.308059
6.5 0.253727 0.279284 0.30484 0.285843 0.313452 0.341061
7.5 0.280641 0.30941 0.338179 0.290556 0.321062 0.351568
8.5 0.293592 0.325029 0.356466 0.294976 0.329148 0.363321
9.5 0.316821 0.351883 0.386945 0.306177 0.343643 0.381109
10.5 0.34315 0.38304 0.42293 0.313599 0.353606 0.393613
11.5 0.352248 0.395723 0.439197 0.339375 0.381366 0.423356
12.5 0.337992 0.381876 0.425761 0.366179 0.411206 0.456234
13.5 0.350175 0.395435 0.440695 0.362879 0.411055 0.459231
14.5 0.373996 0.420495 0.466993 0.368434 0.415136 0.461838
15.5 0.361246 0.411865 0.462484 0.393398 0.443434 0.49347
16.5 0.381075 0.433888 0.4867 0.386206 0.437837 0.489469
17.5 0.396085 0.448722 0.501359 0.393556 0.444971 0.496386
18.5 0.407518 0.459376 0.511233 0.400548 0.454093 0.507639
19.5 0.415387 0.469988 0.524589 0.403417 0.457289 0.511161
20.5 0.435403 0.493392 0.551382 0.403943 0.459306 0.514669
21.5 0.429567 0.491298 0.553028 0.419935 0.477544 0.535153
22.5 0.425916 0.491084 0.556251 0.445155 0.503457 0.561759
23.5 0.435621 0.50141 0.567199 0.434655 0.494047 0.553439
24.5 0.439843 0.505589 0.571336 0.443274 0.505341 0.567407
25.5 0.465251 0.536008 0.606765 0.46431 0.528064 0.591818
26.5 0.488139 0.561317 0.634495 0.46126 0.526851 0.592443
27.5 0.501207 0.575385 0.649562 0.46638 0.533274 0.600168
28.5 0.512113 0.588705 0.665297 0.453267 0.521305 0.589344
29.5 0.505766 0.585537 0.665307 0.475208 0.546964 0.61872
30.5 0.51168 0.592113 0.672545 0.476588 0.548672 0.620756
31.5 0.531368 0.613341 0.695314 0.480417 0.556753 0.633089
32.5 0.530104 0.612572 0.69504 0.488265 0.565192 0.642119
33.5 0.517867 0.59918 0.680493 0.492991 0.572412 0.651832
34.5 0.516242 0.594673 0.673105 0.491176 0.569 0.646823
35.5 0.51485 0.593139 0.671429 0.478458 0.556342 0.634227
36.5 0.523771 0.604192 0.684612 0.474118 0.552602 0.631086
37.5 0.518651 0.599054 0.679458 0.468388 0.549221 0.630053
38.5 0.504974 0.585455 0.665936 0.495592 0.577777 0.659961
39.5 0.52842 0.607478 0.686536 0.492058 0.575816 0.659573
40.5 0.536882 0.61715 0.697419 0.511563 0.596291 0.681018
41.5 0.531594 0.614298 0.697001 0.528267 0.610963 0.69366
42.5 0.524566 0.607262 0.689958 0.544972 0.62866 0.712348
43.5 0.532968 0.615244 0.697521 0.52808 0.611931 0.695783
44.5 0.52481 0.60624 0.68767 0.530078 0.613305 0.696533
45.5 0.527712 0.61004 0.692368 0.528782 0.611815 0.694847
46.5 0.528561 0.614014 0.699468 0.534744 0.619286 0.703828
47.5 0.545543 0.631995 0.718447 0.548642 0.633112 0.717581
48.5 0.560764 0.646812 0.73286 0.544591 0.632311 0.720031
49.5 0.554497 0.642452 0.730406 0.534884 0.623628 0.712372
50.5 0.550813 0.639463 0.728114 0.547397 0.638559 0.729722
51.5 0.562659 0.652333 0.742008 0.550039 0.641063 0.732087
52.5 0.556555 0.647731 0.738908 0.559605 0.652434 0.745262
53.5 0.557154 0.650183 0.743211 0.547556 0.641897 0.736238
54.5 0.549641 0.645089 0.740537 0.551273 0.64572 0.740167
55.5 0.549142 0.641685 0.734228 0.544196 0.639931 0.735666
56.5 0.529813 0.621791 0.713768 0.540065 0.634097 0.72813
57.5 0.5357 0.628782 0.721864 0.529504 0.62366 0.717816
58.5 0.542753 0.635276 0.7278 0.52852 0.620895 0.71327
59.5 0.549738 0.641902 0.734065 0.540574 0.632835 0.725095
60.5 0.549125 0.6405 0.731874 0.541146 0.631131 0.721116
61.5 0.545758 0.635739 0.725721 0.547245 0.639075 0.730905
62.5 0.537137 0.628114 0.719091 0.548833 0.641545 0.734257
63.5 0.561295 0.654009 0.746722 0.536643 0.623833 0.711024
64.5 0.557153 0.649033 0.740913 0.537466 0.623314 0.709162
65.5 0.562531 0.654714 0.746896 0.533916 0.620773 0.70763
66.5 0.560732 0.652077 0.743421 0.53902 0.625525 0.712029
67.5 0.559833 0.64933 0.738827 0.528025 0.613882 0.69974
68.5 0.559058 0.64577 0.732481 0.529782 0.615597 0.701411
69.5 0.55728 0.643547 0.729815 0.531061 0.619219 0.707377
70.5 0.543289 0.631288 0.719287 0.568588 0.658875 0.749162
71.5 0.513638 0.602621 0.691604 0.579482 0.67134 0.763197
72.5 0.517134 0.606746 0.696357 0.568451 0.66156 0.75467
73.5 0.518398 0.60808 0.697762 0.565494 0.658391 0.751289
74.5 0.51206 0.600608 0.689156 0.563699 0.654749 0.745799
75.5 0.514119 0.604568 0.695016 0.581041 0.672269 0.763498
76.5 0.521841 0.614069 0.706297 0.569078 0.657515 0.745952
77.5 0.54579 0.638059 0.730328 0.562443 0.652695 0.742946
78.5 0.556662 0.650617 0.744571 0.558519 0.64936 0.7402
79.5 0.551216 0.647943 0.744671 0.592419 0.685834 0.779249
80.5 0.551688 0.650523 0.749359 0.591027 0.686218 0.78141
81.5 0.553985 0.651159 0.748333 0.587456 0.685158 0.78286
82.5 0.566778 0.666937 0.767096 0.586343 0.685356 0.784368
83.5 0.585269 0.686284 0.787299 0.568032 0.66808 0.768127
84.5 0.578473 0.679154 0.779835 0.567036 0.667378 0.76772
85.5 0.574898 0.675721 0.776543 0.563217 0.665025 0.766833
86.5 0.565771 0.664703 0.763634 0.569275 0.673025 0.776775
87.5 0.57046 0.667086 0.763712 0.572151 0.675765 0.779379
88.5 0.566456 0.661827 0.757198 0.574371 0.674207 0.774043
89.5 0.560505 0.655765 0.751025 0.570184 0.669302 0.768421
90.5 0.564957 0.660075 0.755193 0.574579 0.675173 0.775767
91.5 0.547598 0.646879 0.746159 0.582485 0.6833 0.784114
92.5 0.574346 0.67525 0.776154 0.561072 0.663068 0.765064
93.5 0.590186 0.692548 0.79491 0.550054 0.650439 0.750823
94.5 0.570497 0.675044 0.779591 0.571152 0.669477 0.767802
95.5 0.578871 0.682163 0.785454 0.561074 0.658323 0.755572
96.5 0.580892 0.68259 0.784289 0.570418 0.665412 0.760406
97.5 0.584266 0.681709 0.779152 0.559187 0.654099 0.749011
98.5 0.564683 0.663133 0.761583 0.573843 0.66854 0.763238
99.5 0.55757 0.656773 0.755976 0.574169 0.667334 0.760498
100.5 0.55594 0.655389 0.754837 0.586389 0.678094 0.769799
101.5 0.600685 0.6996 0.798515 0.551836 0.641526 0.731216
102.5 0.584987 0.684296 0.783606 0.561065 0.649123 0.737181
103.5 0.598508 0.698223 0.797937 0.562043 0.651186 0.74033
104.5 0.593292 0.694151 0.79501 0.563862 0.652077 0.740292
105.5 0.593856 0.695146 0.796437 0.561918 0.649452 0.736986
106.5 0.574527 0.676298 0.778069 0.584149 0.674526 0.764904
107.5 0.59282 0.696081 0.799342 0.577732 0.669646 0.76156
108.5 0.603253 0.70882 0.814387 0.574909 0.666904 0.758898
109.5 0.610258 0.71824 0.826223 0.595932 0.690085 0.784237
110.5 0.615393 0.723356 0.831319 0.607638 0.705396 0.803154
111.5 0.617846 0.724478 0.83111 0.616564 0.716793 0.817022
112.5 0.607943 0.711876 0.81581 0.616553 0.718148 0.819743
113.5 0.590737 0.692898 0.795058 0.623533 0.724997 0.826462
114.5 0.57324 0.675375 0.77751 0.604053 0.704448 0.804843
115.5 0.564658 0.665839 0.76702 0.607461 0.706913 0.806364
116.5 0.578316 0.68004 0.781765 0.5953 0.695351 0.795401
117.5 0.558447 0.660731 0.763015 0.57081 0.672469 0.774128
118.5 0.545147 0.644144 0.74314 0.554664 0.654069 0.753474
119.5 0.547794 0.64601 0.744225 0.571434 0.668863 0.766293
120.5 0.534532 0.631135 0.727739 0.581948 0.676387 0.770826
121.5 0.551126 0.649955 0.748783 0.578738 0.671174 0.763609
122.5 0.557247 0.655847 0.754448 0.56229 0.653308 0.744326
123.5 0.548187 0.64462 0.741053 0.547932 0.640205 0.732477
124.5 0.546379 0.643214 0.740049 0.555463 0.64604 0.736618
125.5 0.551909 0.650595 0.749282 0.562368 0.652218 0.742068
126.5 0.561551 0.662318 0.763085 0.564406 0.656975 0.749544
127.5 0.574956 0.678399 0.781841 0.571277 0.663181 0.755084
128.5 0.593477 0.70045 0.807424 0.583531 0.677361 0.771191
129.5 0.608824 0.717373 0.825921 0.571366 0.666414 0.761463
130.5 0.590472 0.702165 0.813858 0.598177 0.695552 0.792927
131.5 0.591444 0.703634 0.815823 0.584839 0.680148 0.775457
132.5 0.588818 0.704082 0.819347 0.586847 0.679531 0.772216
133.5 0.604239 0.721538 0.838838 0.583459 0.677388 0.771318
134.5 0.605999 0.723566 0.841134 0.559826 0.654192 0.748558
135.5 0.575336 0.691415 0.807494 0.557144 0.651874 0.746605
136.5 0.573606 0.685494 0.797383 0.550991 0.646385 0.74178
137.5 0.569429 0.680193 0.790956 0.55717 0.653651 0.750131
138.5 0.57407 0.685062 0.796054 0.5716 0.668115 0.76463
139.5 0.593458 0.707755 0.822053 0.561233 0.656805 0.752377
140.5 0.604566 0.718834 0.833103 0.543077 0.639699 0.736321
141.5 0.5911 0.704991 0.818883 0.569368 0.668733 0.768099
142.5 0.596281 0.71042 0.824558 0.573872 0.673017 0.772163
143.5 0.594647 0.709009 0.82337 0.566411 0.665031 0.763652
144.5 0.599925 0.715434 0.830943 0.570484 0.668726 0.766968
145.5 0.587524 0.704858 0.822192 0.578558 0.676516 0.774475
146.5 0.59753 0.712189 0.826848 0.570274 0.668331 0.766389
147.5 0.589061 0.702464 0.815868 0.573726 0.670392 0.767057
148.5 0.589311 0.703607 0.817904 0.580098 0.67796 0.775821
149.5 0.596942 0.714248 0.831555 0.579743 0.676082 0.772421
150.5 0.600573 0.722171 0.843769 0.57328 0.668442 0.763604
151.5 0.610368 0.736423 0.862477 0.56404 0.658848 0.753656
152.5 0.609765 0.734474 0.859183 0.573204 0.669758 0.766313
153.5 0.610827 0.733749 0.856671 0.587748 0.686406 0.785065
154.5 0.610807 0.732796 0.854785 0.573522 0.67089 0.768258
155.5 0.606267 0.72498 0.843693 0.561428 0.658003 0.754578
156.5 0.598729 0.717806 0.836884 0.564706 0.658366 0.752027
157.5 0.591774 0.71095 0.830127 0.560949 0.64991 0.738872
158.5 0.565112 0.682002 0.798893 0.565501 0.655117 0.744732
159.5 0.560642 0.675876 0.79111 0.571775 0.662519 0.753264
160.5 0.558804 0.674373 0.789943 0.565697 0.65495 0.744202
161.5 0.562532 0.677961 0.793391 0.553311 0.641419 0.729527
162.5 0.587151 0.704586 0.822021 0.554391 0.644065 0.733739
163.5 0.588161 0.706016 0.823871 0.559529 0.648935 0.738341
164.5 0.591664 0.708815 0.825966 0.55564 0.642655 0.72967
165.5 0.621318 0.737915 0.854512 0.545184 0.630361 0.715538
166.5 0.617874 0.733481 0.849089 0.545987 0.62962 0.713252
167.5 0.612601 0.729467 0.846333 0.562059 0.646026 0.729994
168.5 0.601495 0.718435 0.835374 0.541215 0.62571 0.710205
169.5 0.564672 0.681736 0.798801 0.551773 0.634337 0.716902
170.5 0.570501 0.686836 0.803171 0.550391 0.63295 0.715509
171.5 0.578528 0.692765 0.807002 0.549736 0.634049 0.718361
172.5 0.593936 0.703821 0.813706 0.507525 0.591706 0.675887
173.5 0.574675 0.683562 0.79245 0.510249 0.591449 0.672649
174.5 0.566903 0.675627 0.784351 0.51668 0.598412 0.680145
175.5 0.565454 0.673594 0.781733 0.523139 0.606722 0.690305
176.5 0.574735 0.683154 0.791573 0.521846 0.60409 0.686334
177.5 0.577045 0.682192 0.78734 0.518707 0.599059 0.679411
178.5 0.573151 0.675864 0.778576 0.530335 0.61152 0.692705
179.5 0.568152 0.669488 0.770825 0.550444 0.634406 0.718368
180.5 0.591489 0.692305 0.793122 0.530946 0.615792 0.700637
181.5 0.599672 0.701624 0.803577 0.53758 0.622408 0.707236
182.5 0.594624 0.695141 0.795658 0.531979 0.617078 0.702177
183.5 0.584839 0.683802 0.782765 0.534553 0.620076 0.705599
184.5 0.570428 0.668209 0.76599 0.54963 0.634152 0.718675
185.5 0.573151 0.670133 0.767115 0.5495 0.630716 0.711933
186.5 0.560272 0.654908 0.749544 0.54292 0.625189 0.707458
187.5 0.563948 0.656217 0.748485 0.566903 0.654113 0.741323
188.5 0.568333 0.660053 0.751773 0.570174 0.66199 0.753807
189.5 0.578537 0.67195 0.765362 0.557677 0.649152 0.740628
190.5 0.561864 0.65397 0.746076 0.578549 0.670626 0.762704
191.5 0.539337 0.630367 0.721397 0.609064 0.703979 0.798895
192.5 0.538186 0.628071 0.717956 0.601143 0.69694 0.792738
193.5 0.54081 0.63149 0.72217 0.596995 0.691932 0.786868
194.5 0.547957 0.63939 0.730823 0.584899 0.680518 0.776137
195.5 0.555658 0.64888 0.742103 0.574365 0.672902 0.77144
196.5 0.542665 0.637987 0.733309 0.578314 0.67953 0.780745
197.5 0.55591 0.651977 0.748045 0.567564 0.67077 0.773977
198.5 0.557077 0.652858 0.748639 0.560524 0.663405 0.766286
199.5 0.552257 0.64834 0.744423 0.558035 0.660222 0.762409
200.5 0.566782 0.663633 0.760483 0.549974 0.653237 0.7565
201.5 0.565989 0.662405 0.758822 0.554356 0.658284 0.762212
202.5 0.544746 0.640452 0.736157 0.574449 0.675855 0.777261
203.5 0.553908 0.647923 0.741939 0.551168 0.651278 0.751389
204.5 0.547776 0.640067 0.732358 0.545162 0.644929 0.744697
205.5 0.538518 0.62847 0.718422 0.56298 0.660826 0.758672
206.5 0.553372 0.641012 0.728652 0.555298 0.652602 0.749905
207.5 0.540268 0.627895 0.715521 0.563003 0.660498 0.757993
208.5 0.524117 0.611557 0.698996 0.559733 0.655936 0.752139
209.5 0.520006 0.605029 0.690051 0.549501 0.643934 0.738368
210.5 0.53368 0.618778 0.703876 0.540403 0.633856 0.727308
211.5 0.536757 0.62405 0.711343 0.546518 0.639735 0.732953
212.5 0.545393 0.63397 0.722547 0.550551 0.646671 0.74279
213.5 0.537185 0.626894 0.716603 0.56097 0.660345 0.759721
214.5 0.526448 0.617609 0.708771 0.582669 0.68457 0.786471
215.5 0.54295 0.633949 0.724947 0.568781 0.669899 0.771017
216.5 0.551254 0.644435 0.737616 0.58059 0.680444 0.780299
217.5 0.536784 0.631903 0.727022 0.607315 0.706868 0.806421
218.5 0.56293 0.659813 0.756696 0.592187 0.695232 0.798278
219.5 0.552158 0.651695 0.751232 0.612839 0.721022 0.829206
220.5 0.571159 0.673231 0.775303 0.611856 0.721704 0.831553
221.5 0.578066 0.681957 0.785847 0.616214 0.726931 0.837649
222.5 0.566524 0.670615 0.774707 0.620058 0.731652 0.843246
223.5 0.596972 0.701688 0.806403 0.621136 0.733616 0.846096
224.5 0.603412 0.707792 0.812172 0.61367 0.727161 0.840653
225.5 0.581924 0.686337 0.790751 0.604457 0.717503 0.830548
226.5 0.55726 0.661257 0.765254 0.612451 0.724673 0.836894
227.5 0.555196 0.657545 0.759895 0.596695 0.710226 0.823756
228.5 0.545963 0.647595 0.749227 0.594245 0.707997 0.821749
229.5 0.521315 0.621115 0.720914 0.587145 0.700516 0.813886
230.5 0.526164 0.623759 0.721353 0.586295 0.700993 0.815692
231.5 0.531076 0.627387 0.723698 0.594405 0.710711 0.827017
232.5 0.5367 0.633966 0.731232 0.591937 0.704787 0.817636
233.5 0.541481 0.63843 0.735379 0.590055 0.700768 0.811481
234.5 0.53229 0.630018 0.727745 0.593178 0.701387 0.809596
235.5 0.550356 0.648952 0.747549 0.580436 0.68947 0.798505
236.5 0.560938 0.662233 0.763528 0.586417 0.695211 0.804006
237.5 0.580417 0.681509 0.7826 0.587274 0.694891 0.802508
238.5 0.585791 0.687382 0.788973 0.58972 0.697394 0.805068
239.5 0.57905 0.676857 0.774663 0.582521 0.687958 0.793395
240.5 0.549411 0.64545 0.741488 0.556866 0.656753 0.756639
241.5 0.534553 0.629046 0.723538 0.558367 0.656123 0.75388
242.5 0.53746 0.632399 0.727339 0.553493 0.647084 0.740675
243.5 0.542859 0.635757 0.728655 0.536847 0.632119 0.727392
244.5 0.552517 0.643622 0.734728 0.551529 0.646358 0.741188
245.5 0.554877 0.646852 0.738827 0.535743 0.630139 0.724535
246.5 0.536138 0.628653 0.721168 0.551483 0.648803 0.746123
247.5 0.534158 0.628193 0.722227 0.550138 0.645022 0.739905
248.5 0.525252 0.617999 0.710747 0.539778 0.632177 0.724576
249.5 0.519778 0.612849 0.705919 0.530514 0.622494 0.714474
250.5 0.508636 0.602681 0.696726 0.546432 0.638768 0.731104
251.5 0.522422 0.614277 0.706133 0.534119 0.627579 0.721038
252.5 0.524694 0.617492 0.710291 0.535352 0.6309 0.726448
253.5 0.532472 0.626739 0.721006 0.539162 0.63472 0.730278
254.5 0.528946 0.625056 0.721166 0.542911 0.635723 0.728535
255.5 0.544895 0.641717 0.738539 0.519957 0.610768 0.701578
256.5 0.533153 0.630777 0.728401 0.52673 0.620187 0.713644
257.5 0.522666 0.620263 0.717859 0.556218 0.651394 0.74657
258.5 0.557217 0.653588 0.749958 0.548229 0.646456 0.744683
259.5 0.5627 0.659005 0.755309 0.556476 0.654856 0.753236
260.5 0.571175 0.670707 0.77024 0.568197 0.668135 0.768073
261.5 0.573868 0.673499 0.77313 0.556872 0.658296 0.759721
262.5 0.567174 0.667393 0.767611 0.546057 0.648411 0.750765
263.5 0.547964 0.64766 0.747356 0.553003 0.657815 0.762627
264.5 0.532847 0.632076 0.731306 0.54342 0.646519 0.749618
265.5 0.535243 0.634392 0.733542 0.546104 0.650689 0.755273
266.5 0.539568 0.63836 0.737151 0.548222 0.654748 0.761275
267.5 0.544226 0.644413 0.7446 0.562107 0.669469 0.776831
268.5 0.534648 0.637096 0.739544 0.567833 0.675042 0.78225
269.5 0.54428 0.648791 0.753302 0.558056 0.66417 0.770284
270.5 0.544023 0.649756 0.755488 0.573339 0.681555 0.789772
271.5 0.553899 0.658894 0.76389 0.565243 0.673662 0.782081
272.5 0.533852 0.636903 0.739955 0.566941 0.674765 0.782589
273.5 0.536198 0.64012 0.744042 0.557256 0.663929 0.770602
274.5 0.559469 0.660991 0.762513 0.54781 0.656272 0.764734
275.5 0.570764 0.672279 0.773795 0.541277 0.649946 0.758615
276.5 0.559434 0.662695 0.765956 0.562682 0.674184 0.785685
277.5 0.568127 0.672687 0.777247 0.559461 0.672688 0.785916
278.5 0.573977 0.680152 0.786327 0.562545 0.676479 0.790412
279.5 0.598816 0.70446 0.810103 0.558057 0.670813 0.783569
280.5 0.600623 0.705355 0.810087 0.536645 0.645198 0.753752
281.5 0.577013 0.680993 0.784974 0.526728 0.633261 0.739794
282.5 0.561627 0.662814 0.764001 0.528236 0.634613 0.740991
283.5 0.55553 0.654988 0.754447 0.532571 0.639196 0.74582
284.5 0.549132 0.647859 0.746587 0.542318 0.647381 0.752443
285.5 0.571255 0.669311 0.767367 0.528919 0.634115 0.739311
286.5 0.556827 0.658215 0.759604 0.544242 0.651206 0.75817
287.5 0.556438 0.657729 0.759019 0.548086 0.656792 0.765499
288.5 0.553685 0.65598 0.758275 0.547957 0.657617 0.767277
289.5 0.549493 0.65154 0.753587 0.542973 0.649915 0.756856
290.5 0.556702 0.660548 0.764394 0.573268 0.676259 0.779251
291.5 0.566654 0.670643 0.774633 0.588779 0.69027 0.791761
292.5 0.569052 0.670106 0.77116 0.593829 0.697443 0.801058
293.5 0.574866 0.672869 0.770871 0.588246 0.690571 0.792896
294.5 0.588138 0.68688 0.785621 0.597048 0.699143 0.801238
295.5 0.582153 0.681126 0.780099 0.613489 0.716453 0.819418
296.5 0.565514 0.665586 0.765658 0.621016 0.722253 0.82349
297.5 0.587137 0.687546 0.787956 0.612487 0.714733 0.816978
298.5 0.593341 0.694981 0.796621 0.611576 0.71527 0.818965
299.5 0.584214 0.687828 0.791443 0.614808 0.721236 0.827665
300.5 0.588494 0.691679 0.794864 0.586431 0.692616 0.7988
301.5 0.563794 0.666875 0.769955 0.590897 0.696392 0.801886
302.5 0.5696 0.669906 0.770212 0.591084 0.695143 0.799202
303.5 0.58024 0.679323 0.778405 0.590487 0.694151 0.797816
304.5 0.571251 0.668041 0.764831 0.564648 0.665638 0.766628
305.5 0.557747 0.651722 0.745697 0.553938 0.655533 0.757129
306.5 0.564986 0.66024 0.755493 0.549128 0.648152 0.747176
307.5 0.585535 0.683915 0.782295 0.545331 0.642435 0.739539
308.5 0.574137 0.674163 0.774189 0.556657 0.653008 0.749359
309.5 0.570646 0.669401 0.768157 0.551205 0.647752 0.744298
310.5 0.569465 0.668412 0.767359 0.555665 0.653017 0.750369
311.5 0.564498 0.662538 0.760577 0.552332 0.648726 0.74512
312.5 0.594869 0.692207 0.789544 0.533175 0.628712 0.724249
313.5 0.600152 0.69938 0.798607 0.543339 0.640049 0.736758
314.5 0.605908 0.705667 0.805427 0.560195 0.659163 0.758131
315.5 0.600292 0.699927 0.799561 0.556798 0.655486 0.754173
316.5 0.582464 0.682401 0.782337 0.564215 0.661541 0.758867
317.5 0.567272 0.668862 0.770451 0.571966 0.666329 0.760691
318.5 0.577145 0.675616 0.774088 0.569623 0.665065 0.760507
319.5 0.591508 0.688833 0.786158 0.549122 0.645105 0.741087
320.5 0.560967 0.654346 0.747725 0.551162 0.644137 0.737112
321.5 0.550014 0.642167 0.73432 0.565303 0.657144 0.748984
322.5 0.547786 0.638758 0.72973 0.577345 0.668274 0.759202
323.5 0.554103 0.641423 0.728742 0.555563 0.644481 0.733399
324.5 0.543148 0.628881 0.714613 0.545118 0.634924 0.724731
325.5 0.548682 0.636133 0.723583 0.549949 0.637729 0.72551
326.5 0.544884 0.63051 0.716136 0.540425 0.626521 0.712616
327.5 0.552768 0.6368 0.720831 0.546607 0.632711 0.718815
328.5 0.556739 0.641913 0.727087 0.548729 0.636084 0.723439
329.5 0.54851 0.636446 0.724382 0.551641 0.639829 0.728018
330.5 0.541463 0.629441 0.717418 0.582047 0.67267 0.763293
331.5 0.538272 0.624874 0.711476 0.600139 0.695917 0.791695
332.5 0.540527 0.627278 0.714029 0.606342 0.700384 0.794426
333.5 0.557228 0.6459 0.734571 0.595695 0.692418 0.789141
334.5 0.541896 0.631092 0.720288 0.58987 0.685009 0.780147
335.5 0.539626 0.630111 0.720597 0.605105 0.699334 0.793563
336.5 0.572101 0.661149 0.750196 0.579819 0.670549 0.761279
337.5 0.578684 0.668255 0.757826 0.558997 0.647902 0.736806
338.5 0.578766 0.665044 0.751322 0.563675 0.651297 0.738919
339.5 0.579898 0.661569 0.743239 0.560987 0.647188 0.733389
340.5 0.548722 0.62971 0.710698 0.572936 0.655895 0.738853
341.5 0.557682 0.639289 0.720896 0.562494 0.647585 0.732677
342.5 0.552426 0.633835 0.715245 0.581418 0.669904 0.758391
343.5 0.532887 0.612086 0.691285 0.601149 0.692155 0.783162
344.5 0.539216 0.618288 0.697361 0.604264 0.696132 0.788
345.5 0.540869 0.620673 0.700478 0.598132 0.689008 0.779884
346.5 0.544149 0.624184 0.704219 0.600168 0.693604 0.78704
347.5 0.564459 0.645999 0.727538 0.5898 0.684965 0.78013
348.5 0.56147 0.644458 0.727446 0.576758 0.673629 0.7705
349.5 0.5204 0.604267 0.688134 0.594011 0.694672 0.795333
350.5 0.530776 0.61527 0.699763 0.596183 0.696781 0.797379
351.5 0.554723 0.641132 0.727541 0.596905 0.699642 0.802379
352.5 0.568247 0.657627 0.747007 0.605534 0.709404 0.813273
353.5 0.559283 0.649717 0.740151 0.600464 0.70497 0.809476
354.5 0.565542 0.658387 0.751231 0.592656 0.697927 0.803198
355.5 0.5713 0.666735 0.762169 0.611471 0.717808 0.824145
356.5 0.590683 0.687515 0.784346 0.598778 0.703181 0.807585
357.5 0.577056 0.674318 0.77158 0.614547 0.717402 0.820258
358.5 0.573003 0.671441 0.769879 0.615253 0.718788 0.822324
359.5 0.568786 0.668617 0.768449 0.613768 0.719418 0.825068
360.5 0.565559 0.664705 0.763851 0.612182 0.720602 0.829023
361.5 0.571116 0.672143 0.773171 0.587209 0.69705 0.806891
362.5 0.599517 0.70413 0.808742 0.597553 0.7084 0.819247
363.5 0.60792 0.714799 0.821677 0.591062 0.701916 0.81277
364.5 0.594435 0.701791 0.809146 0.584326 0.69372 0.803114
365.5 0.58646 0.693433 0.800406 0.583964 0.692919 0.801874
366.5 0.601743 0.711084 0.820426 0.599345 0.706608 0.813872
367.5 0.613234 0.723359 0.833484 0.581644 0.689179 0.796714
368.5 0.593411 0.703969 0.814527 0.590684 0.698118 0.805553
369.5 0.608916 0.720227 0.831537 0.580509 0.686725 0.792941
370.5 0.600692 0.712485 0.824278 0.574247 0.680334 0.78642
371.5 0.602174 0.712676 0.823178 0.573043 0.678886 0.784729
372.5 0.584135 0.697821 0.811507 0.568789 0.671648 0.774507
373.5 0.584225 0.699864 0.815504 0.570565 0.673011 0.775456
374.5 0.5692 0.682409 0.795618 0.576971 0.679947 0.782922
375.5 0.557147 0.667953 0.778759 0.572436 0.675939 0.779443
376.5 0.562982 0.674399 0.785815 0.566903 0.670283 0.773662
377.5 0.57845 0.690675 0.802899 0.556097 0.659951 0.763806
378.5 0.580847 0.692983 0.80512 0.561721 0.666955 0.772189
379.5 0.581635 0.69172 0.801805 0.561043 0.666584 0.772126
380.5 0.580103 0.691038 0.801973 0.547571 0.651213 0.754855
381.5 0.603579 0.716098 0.828616 0.543057 0.646925 0.750792
382.5 0.598816 0.71105 0.823284 0.570067 0.673136 0.776204
383.5 0.59349 0.70786 0.822231 0.569037 0.671643 0.774249
384.5 0.596481 0.713921 0.831361 0.574932 0.678241 0.781549
385.5 0.602432 0.724533 0.846634 0.587147 0.691874 0.796601
386.5 0.611413 0.7358 0.860187 0.585785 0.6915 0.797215
387.5 0.584378 0.710667 0.836957 0.606641 0.713429 0.820217
388.5 0.590479 0.716047 0.841615 0.611839 0.717361 0.822883
389.5 0.60064 0.726408 0.852177 0.60567 0.711478 0.817287
390.5 0.62691 0.754079 0.881248 0.581492 0.688552 0.795613
391.5 0.620317 0.747993 0.875668 0.583986 0.691147 0.798309
392.5 0.621141 0.750021 0.878901 0.598953 0.708218 0.817484
393.5 0.623398 0.752876 0.882355 0.614242 0.724987 0.835731
394.5 0.624775 0.754989 0.885204 0.595848 0.70597 0.816093
395.5 0.59538 0.721968 0.848556 0.587237 0.695349 0.80346
396.5 0.600916 0.723305 0.845695 0.577076 0.684996 0.792916
397.5 0.591431 0.714034 0.836638 0.575388 0.682203 0.789018
398.5 0.583433 0.704458 0.825483 0.567315 0.673736 0.780157
399.5 0.571837 0.691695 0.811553 0.572728 0.679708 0.786689
400.5 0.591083 0.711474 0.831865 0.575877 0.686023 0.796169
401.5 0.581762 0.70414 0.826519 0.609254 0.720214 0.831174
402.5 0.57684 0.6988 0.82076 0.597837 0.708343 0.81885
403.5 0.564849 0.685787 0.806725 0.594579 0.702284 0.809989
404.5 0.583679 0.703497 0.823316 0.569085 0.676594 0.784103
405.5 0.579424 0.697807 0.816189 0.583518 0.689664 0.795811
406.5 0.602643 0.721143 0.839643 0.589192 0.694328 0.799463
407.5 0.594747 0.710345 0.825943 0.600121 0.703938 0.807756
408.5 0.586399 0.699214 0.81203 0.59554 0.69746 0.799381
409.5 0.593752 0.706007 0.818263 0.589436 0.689854 0.790273
410.5 0.599425 0.70949 0.819554 0.605217 0.703366 0.801514
411.5 0.613301 0.724622 0.835943 0.591168 0.68549 0.779812
412.5 0.611281 0.720374 0.829468 0.564959 0.657842 0.750725
413.5 0.599689 0.70906 0.81843 0.55067 0.64093 0.73119
414.5 0.608338 0.716843 0.825349 0.548817 0.639381 0.729945
415.5 0.597884 0.705218 0.812552 0.561795 0.652813 0.743831
416.5 0.590123 0.698897 0.807672 0.539939 0.630213 0.720487
417.5 0.582706 0.692659 0.802612 0.537404 0.629152 0.7209
418.5 0.593946 0.702517 0.811087 0.552718 0.64688 0.741042
419.5 0.596504 0.701763 0.807021 0.542675 0.638897 0.73512
420.5 0.594028 0.697606 0.801184 0.551549 0.648711 0.745874
421.5 0.582245 0.683407 0.784568 0.562939 0.66064 0.75834
422.5 0.564592 0.664077 0.763563 0.563137 0.660568 0.757999
423.5 0.541681 0.64097 0.74026 0.561508 0.659546 0.757584
424.5 0.56746 0.667814 0.768167 0.566742 0.66461 0.762477
425.5 0.563873 0.664485 0.765096 0.572489 0.670921 0.769353
426.5 0.542999 0.641414 0.739828 0.583509 0.680283 0.777056
427.5 0.553351 0.651899 0.750447 0.584663 0.68058 0.776497
428.5 0.564744 0.663936 0.763128 0.575367 0.667638 0.759909
429.5 0.546649 0.644159 0.741669 0.554798 0.647066 0.739334
430.5 0.54218 0.640903 0.739626 0.54521 0.637833 0.730455
431.5 0.532986 0.633683 0.73438 0.560799 0.655648 0.750498
432.5 0.53317 0.632307 0.731443 0.575037 0.670242 0.765447
433.5 0.555933 0.656105 0.756277 0.593063 0.690191 0.78732
434.5 0.565408 0.670255 0.775103 0.597387 0.697842 0.798298
435.5 0.578022 0.68477 0.791519 0.595504 0.696992 0.798479
436.5 0.580096 0.687218 0.794341 0.596728 0.699858 0.802987
437.5 0.571467 0.67648 0.781492 0.617603 0.725757 0.83391
438.5 0.572816 0.677801 0.782786 0.626126 0.735608 0.845091
439.5 0.579349 0.687617 0.795884 0.628664 0.738113 0.847562
440.5 0.581828 0.690456 0.799085 0.625585 0.737551 0.849517
441.5 0.597323 0.706996 0.81667 0.633235 0.745784 0.858333
442.5 0.608857 0.719515 0.830173 0.626937 0.741263 0.855589
443.5 0.631506 0.743329 0.855153 0.622492 0.737008 0.851525
444.5 0.644137 0.756484 0.86883 0.618144 0.731637 0.845131
445.5 0.643584 0.756753 0.869923 0.611818 0.727505 0.843191
446.5 0.673944 0.785785 0.897626 0.618203 0.735314 0.852425
447.5 0.667501 0.778237 0.888972 0.621498 0.740103 0.858707
448.5 0.650082 0.759559 0.869035 0.628566 0.745338 0.86211
449.5 0.625511 0.732094 0.838678 0.627615 0.74471 0.861806
450.5 0.638989 0.74512 0.851252 0.634952 0.753616 0.87228
451.5 0.638746 0.742702 0.846659 0.63913 0.758072 0.877014
452.5 0.60248 0.705193 0.807906 0.656386 0.772588 0.88879
453.5 0.588049 0.6906 0.793151 0.671767 0.788223 0.904678
454.5 0.606367 0.70761 0.808854 0.625519 0.740553 0.855587
455.5 0.581373 0.6787 0.776027 0.632809 0.748278 0.863746
456.5 0.602909 0.701021 0.799132 0.622583 0.737502 0.85242
457.5 0.61546 0.7138 0.812141 0.634783 0.750616 0.866449
458.5 0.635632 0.733495 0.831359 0.597221 0.711847 0.826473
459.5 0.604442 0.700932 0.797422 0.618412 0.732656 0.8469
460.5 0.589821 0.686901 0.783982 0.620415 0.734524 0.848633
461.5 0.590222 0.689658 0.789095 0.619125 0.733626 0.848128
462.5 0.601503 0.700275 0.799047 0.599059 0.711314 0.823569
463.5 0.604225 0.703522 0.802818 0.60337 0.712779 0.822188
464.5 0.595287 0.69354 0.791792 0.606529 0.715025 0.823522
465.5 0.601359 0.701127 0.800895 0.60173 0.708948 0.816166
466.5 0.612802 0.71287 0.812937 0.600874 0.709255 0.817636
467.5 0.603848 0.706227 0.808605 0.6057 0.714228 0.822757
468.5 0.609789 0.712103 0.814416 0.598986 0.708175 0.817363
469.5 0.59262 0.69668 0.80074 0.613977 0.721994 0.830012
470.5 0.614062 0.718394 0.822726 0.588658 0.696413 0.804168
471.5 0.623687 0.728533 0.833379 0.564631 0.669163 0.773694
472.5 0.60034 0.703368 0.806396 0.569707 0.671006 0.772305
473.5 0.604441 0.707497 0.810553 0.586067 0.686743 0.787419
474.5 0.635882 0.739655 0.843428 0.567073 0.666756 0.76644
475.5 0.627052 0.728258 0.829464 0.570976 0.669798 0.768621
476.5 0.606177 0.702628 0.79908 0.569751 0.666415 0.763079
477.5 0.590785 0.685587 0.780389 0.542373 0.639377 0.736381
478.5 0.579965 0.673844 0.767722 0.555757 0.652362 0.748966
479.5 0.592171 0.683615 0.775059 0.560519 0.658463 0.756406
480.5 0.564829 0.652425 0.740021 0.572123 0.67058 0.769037
481.5 0.553783 0.641634 0.729486 0.572804 0.672118 0.771433
482.5 0.551594 0.640463 0.729333 0.556786 0.654616 0.752445
483.5 0.546794 0.635672 0.72455 0.567193 0.660898 0.754603
484.5 0.560864 0.651697 0.74253 0.552666 0.645199 0.737731
485.5 0.568678 0.661023 0.753368 0.552723 0.645716 0.73871
486.5 0.560221 0.652969 0.745717 0.569881 0.663069 0.756258
487.5 0.56691 0.660611 0.754312 0.561668 0.654257 0.746846
488.5 0.582266 0.675755 0.769243 0.521035 0.611684 0.702333
489.5 0.575656 0.66751 0.759363 0.542222 0.633935 0.725647
490.5 0.554997 0.648932 0.742868 0.552121 0.642824 0.733527
491.5 0.541606 0.634897 0.728189 0.533073 0.622431 0.711789
492.5 0.538236 0.632456 0.726676 0.505584 0.594333 0.683082
493.5 0.53553 0.628393 0.721255 0.524482 0.612712 0.700942
494.5 0.549012 0.641753 0.734494 0.515051 0.601021 0.686991
495.5 0.555496 0.646215 0.736934 0.506264 0.59136 0.676457
496.5 0.558856 0.648119 0.737382 0.493275 0.57658 0.659884
497.5 0.54038 0.629292 0.718203 0.487117 0.569705 0.652293
498.5 0.529527 0.617127 0.704726 0.502607 0.582939 0.663271
499.5 0.520223 0.607639 0.695055 0.470857 0.550445 0.630034
500.5 0.520022 0.604357 0.688693 0.485394 0.56409 0.642787
501.5 0.535619 0.617027 0.698436 0.494651 0.575268 0.655886
502.5 0.543685 0.623869 0.704052 0.511782 0.593912 0.676042
503.5 0.575888 0.656463 0.737037 0.508306 0.594117 0.679927
504.5 0.566873 0.648063 0.729253 0.554756 0.643333 0.731911
505.5 0.556056 0.638421 0.720786 0.567215 0.656894 0.746574
506.5 0.567831 0.652485 0.737138 0.55666 0.646938 0.737216
507.5 0.574242 0.662054 0.749867 0.561459 0.652735 0.74401
508.5 0.590509 0.680483 0.770456 0.560796 0.651876 0.742956
509.5 0.585457 0.675444 0.765431 0.579779 0.671486 0.763193
510.5 0.607391 0.699562 0.791733 0.562284 0.655178 0.748072
511.5 0.58143 0.674567 0.767704 0.562312 0.653588 0.744863
512.5 0.568803 0.658388 0.747972 0.565116 0.656222 0.747328
513.5 0.577279 0.666133 0.754987 0.570791 0.664396 0.758002
514.5 0.582959 0.673394 0.763829 0.576254 0.669015 0.761777
515.5 0.582374 0.672822 0.763271 0.566044 0.657706 0.749369
516.5 0.577758 0.668686 0.759615 0.552577 0.646239 0.739901
517.5 0.595994 0.688832 0.781669 0.554027 0.648414 0.742801
518.5 0.569181 0.661602 0.754023 0.573708 0.669462 0.765217
519.5 0.584114 0.67787 0.771625 0.548718 0.644253 0.739788
520.5 0.575698 0.671275 0.766852 0.566865 0.664696 0.762526
521.5 0.584742 0.682817 0.780893 0.56442 0.665775 0.76713
522.5 0.569729 0.67002 0.770312 0.58627 0.691476 0.796683
523.5 0.560749 0.660804 0.76086 0.570622 0.677859 0.785096
524.5 0.595799 0.698659 0.801519 0.552793 0.65708 0.761367
525.5 0.588685 0.69296 0.797236 0.556637 0.658296 0.759956
526.5 0.597289 0.703767 0.810244 0.580137 0.681898 0.783659
527.5 0.595665 0.702625 0.809586 0.576631 0.678267 0.779903
528.5 0.592028 0.698708 0.805388 0.574691 0.675189 0.775687
529.5 0.589883 0.695609 0.801335 0.545067 0.643027 0.740986
530.5 0.592125 0.697435 0.802744 0.544628 0.640625 0.736622
531.5 0.607831 0.71389 0.819948 0.552897 0.650342 0.747787
532.5 0.620282 0.725455 0.830627 0.558654 0.65776 0.756866
533.5 0.620425 0.727875 0.835324 0.580648 0.680407 0.780167
534.5 0.628051 0.736151 0.844251 0.589837 0.693627 0.797416
535.5 0.618561 0.726215 0.833869 0.58095 0.683263 0.785575
536.5 0.628631 0.734196 0.839761 0.586596 0.686889 0.787182
537.5 0.62952 0.734128 0.838736 0.595142 0.694497 0.793852
538.5 0.62899 0.732535 0.83608 0.578651 0.678139 0.777627
539.5 0.601953 0.701317 0.800681 0.575779 0.675514 0.77525
540.5 0.578101 0.672832 0.767564 0.567589 0.667684 0.767779
541.5 0.571927 0.663944 0.755961 0.57041 0.671999 0.773589
542.5 0.579228 0.670033 0.760838 0.560914 0.661705 0.762496
543.5 0.575633 0.669229 0.762825 0.574464 0.673547 0.77263
544.5 0.576301 0.668182 0.760063 0.570599 0.669104 0.76761
545.5 0.584867 0.676849 0.768831 0.583166 0.682899 0.782632
546.5 0.600484 0.693633 0.786781 0.600078 0.699859 0.79964
547.5 0.591741 0.687349 0.782956 0.646013 0.744071 0.84213
548.5 0.598791 0.694315 0.789839 0.622423 0.720839 0.819255
549.5 0.601944 0.697554 0.793164 0.624234 0.723448 0.822661
550.5 0.601179 0.697171 0.793163 0.608184 0.704462 0.80074
551.5 0.607934 0.704143 0.800353 0.58534 0.680057 0.774775
552.5 0.617949 0.714163 0.810378 0.588475 0.684235 0.779995
553.5 0.627225 0.723768 0.820311 0.583486 0.680684 0.777881
554.5 0.613366 0.709109 0.804853 0.577078 0.674568 0.772059
555.5 0.589555 0.685444 0.781334 0.5883 0.684421 0.780543
556.5 0.605093 0.701036 0.796979 0.583621 0.679672 0.775723
557.5 0.612921 0.708683 0.804446 0.603964 0.700445 0.796926
558.5 0.610623 0.706987 0.803351 0.616499 0.713891 0.811283
559.5 0.58346 0.678439 0.773418 0.591417 0.688484 0.785551
560.5 0.55867 0.650922 0.743174 0.589619 0.686659 0.783699
561.5 0.542292 0.631857 0.721423 0.602557 0.701434 0.800312
562.5 0.549672 0.639358 0.729044 0.610567 0.709661 0.808756
563.5 0.577471 0.66751 0.757549 0.582632 0.683925 0.785217
564.5 0.58929 0.680425 0.77156 0.586037 0.686991 0.787944
565.5 0.575216 0.670106 0.764995 0.62047 0.72305 0.82563
566.5 0.573205 0.667976 0.762746 0.623692 0.726671 0.829649
567.5 0.564425 0.658465 0.752506 0.603123 0.705282 0.80744
568.5 0.557886 0.652227 0.746567 0.587923 0.685625 0.783327
569.5 0.551194 0.645586 0.739978 0.585165 0.684618 0.784072
570.5 0.556354 0.649458 0.742562 0.582447 0.682134 0.781821
571.5 0.557371 0.649609 0.741846 0.585132 0.683952 0.782772
572.5 0.560901 0.653116 0.745332 0.576916 0.675778 0.77464
573.5 0.560079 0.654831 0.749582 0.586622 0.685968 0.785314
574.5 0.566381 0.660487 0.754594 0.595936 0.694014 0.792092
575.5 0.556637 0.649802 0.742967 0.602544 0.697169 0.791794
576.5 0.539124 0.63268 0.726237 0.610925 0.701493 0.792061
577.5 0.566244 0.657773 0.749302 0.591789 0.683109 0.774429
578.5 0.564672 0.657888 0.751105 0.59691 0.689087 0.781263
579.5 0.543695 0.636491 0.729287 0.609059 0.701582 0.794106
580.5 0.521179 0.613894 0.706609 0.610152 0.706553 0.802954
581.5 0.557995 0.652762 0.747529 0.597646 0.693444 0.789243
582.5 0.563553 0.660518 0.757484 0.604122 0.697651 0.79118
583.5 0.562465 0.661797 0.761129 0.617249 0.709688 0.802128
584.5 0.585279 0.68721 0.789141 0.614871 0.710579 0.806287
585.5 0.575778 0.678522 0.781266 0.611668 0.709339 0.807009
586.5 0.558659 0.662833 0.767008 0.605919 0.704619 0.80332
587.5 0.575125 0.678232 0.78134 0.587743 0.688485 0.789227
588.5 0.586229 0.691428 0.796626 0.594938 0.693882 0.792826
589.5 0.580362 0.683907 0.787452 0.592874 0.691556 0.790239
590.5 0.561218 0.66416 0.767102 0.584739 0.684055 0.783371
591.5 0.544694 0.647871 0.751048 0.589417 0.688786 0.788156
592.5 0.532213 0.63458 0.736948 0.577758 0.673953 0.770149
593.5 0.542521 0.645004 0.747487 0.55936 0.655026 0.750692
594.5 0.577037 0.681532 0.786027 0.561196 0.658222 0.755248
595.5 0.579582 0.68665 0.793718 0.583672 0.679411 0.775149
596.5 0.590327 0.699602 0.808876 0.580178 0.67619 0.772202
597.5 0.582683 0.694623 0.806563 0.581317 0.672852 0.764387
598.5 0.589374 0.701289 0.813203 0.551148 0.639909 0.728669
599.5 0.590566 0.700108 0.80965 0.533369 0.62111 0.708851
600.5 0.607964 0.718601 0.829237 0.519955 0.606169 0.692384
601.5 0.582705 0.692933 0.803161 0.535163 0.62094 0.706716
602.5 0.605506 0.714407 0.823309 0.509825 0.599652 0.68948
603.5 0.628219 0.738786 0.849353 0.511115 0.600017 0.68892
604.5 0.622181 0.735447 0.848714 0.530436 0.615767 0.701099
605.5 0.628355 0.742768 0.857182 0.529367 0.613232 0.697097
606.5 0.625349 0.73958 0.853812 0.514631 0.598123 0.681615
607.5 0.613753 0.728633 0.843513 0.516589 0.601275 0.685961
608.5 0.60006 0.715071 0.830082 0.533948 0.61961 0.705272
609.5 0.585621 0.698819 0.812017 0.523458 0.609253 0.695048
610.5 0.590332 0.700866 0.8114 0.515357 0.599729 0.684101
611.5 0.601262 0.711522 0.821783 0.516776 0.599344 0.681912
612.5 0.611869 0.723278 0.834688 0.525891 0.607134 0.688378
613.5 0.622879 0.733835 0.844792 0.551459 0.634667 0.717875
614.5 0.619324 0.730032 0.84074 0.553024 0.634738 0.716452
615.5 0.623123 0.734992 0.84686 0.55132 0.634435 0.717551
616.5 0.626611 0.738184 0.849757 0.554018 0.638833 0.723648
617.5 0.598073 0.708538 0.819002 0.574773 0.658915 0.743057
618.5 0.60509 0.715586 0.826081 0.559354 0.643761 0.728167
619.5 0.608854 0.721838 0.834822 0.558334 0.644664 0.730995
620.5 0.626529 0.741077 0.855625 0.547677 0.63493 0.722183
621.5 0.591442 0.70437 0.817299 0.56486 0.655076 0.745293
622.5 0.592045 0.70296 0.813875 0.550694 0.640364 0.730034
623.5 0.589991 0.701555 0.813118 0.54548 0.633086 0.720693
624.5 0.569474 0.681062 0.792651 0.548269 0.63779 0.727312
625.5 0.579149 0.691964 0.804779 0.527284 0.618434 0.709585
626.5 0.575199 0.688234 0.801269 0.541899 0.6348 0.727702
627.5 0.571744 0.683594 0.795443 0.551788 0.642578 0.733367
628.5 0.574014 0.685318 0.796622 0.553475 0.64504 0.736605
629.5 0.566256 0.678895 0.791534 0.546848 0.639965 0.733083
630.5 0.565829 0.676913 0.787997 0.529923 0.621094 0.712265
631.5 0.594138 0.704081 0.814024 0.495285 0.583193 0.671101
632.5 0.602204 0.711938 0.821672 0.507665 0.595857 0.684049
633.5 0.594112 0.703079 0.812046 0.516174 0.602839 0.689503
634.5 0.583973 0.690482 0.79699 0.513954 0.6014 0.688846
635.5 0.584641 0.69021 0.79578 0.525465 0.613489 0.701514
636.5 0.579129 0.684368 0.789607 0.521691 0.608965 0.69624
637.5 0.559022 0.666793 0.774565 0.529586 0.615447 0.701307
638.5 0.567478 0.672208 0.776937 0.525998 0.612407 0.698816
639.5 0.608446 0.712264 0.816082 0.522136 0.610868 0.699601
640.5 0.604675 0.708526 0.812377 0.548563 0.639191 0.729819
641.5 0.612669 0.717417 0.822165 0.55326 0.643103 0.732946
642.5 0.618337 0.722588 0.826838 0.548439 0.637161 0.725882
643.5 0.623861 0.727788 0.831715 0.54761 0.636145 0.72468
644.5 0.61266 0.714475 0.816291 0.523176 0.611828 0.700481
645.5 0.621162 0.722585 0.824008 0.517079 0.608879 0.70068
646.5 0.602654 0.703037 0.80342 0.530571 0.624228 0.717885
647.5 0.597383 0.69705 0.796717 0.534445 0.62763 0.720815
648.5 0.603069 0.702358 0.801646 0.530847 0.625823 0.720798
649.5 0.592548 0.691686 0.790824 0.524653 0.616411 0.708169
650.5 0.604902 0.702883 0.800864 0.51307 0.604757 0.696445
651.5 0.598563 0.695391 0.79222 0.542162 0.637152 0.732142
652.5 0.599731 0.696431 0.793131 0.546206 0.646133 0.74606
653.5 0.596276 0.697012 0.797749 0.567645 0.668019 0.768393
654.5 0.599989 0.700777 0.801565 0.54909 0.649137 0.749184
655.5 0.59674 0.699409 0.802077 0.544617 0.644015 0.743413
656.5 0.592249 0.6968 0.80135 0.551105 0.648946 0.746787
657.5 0.598367 0.70539 0.812413 0.561792 0.659274 0.756756
658.5 0.62174 0.731406 0.841071 0.544459 0.640149 0.735839
659.5 0.610493 0.720984 0.831476 0.540323 0.636369 0.732415
660.5 0.612691 0.724824 0.836957 0.55864 0.654191 0.749742
661.5 0.614814 0.728983 0.843152 0.568201 0.664972 0.761744
662.5 0.60214 0.718602 0.835064 0.575721 0.672943 0.770165
663.5 0.613954 0.72919 0.844426 0.564422 0.662367 0.760311
664.5 0.608454 0.723511 0.838568 0.555814 0.654964 0.754114
665.5 0.612713 0.72639 0.840066 0.575287 0.675469 0.775651
666.5 0.608011 0.720933 0.833854 0.58325 0.686333 0.789416
667.5 0.601998 0.714696 0.827394 0.613943 0.718757 0.823571
668.5 0.605357 0.719769 0.83418 0.608259 0.714653 0.821047
669.5 0.607724 0.721561 0.835398 0.604468 0.709495 0.814522
670.5 0.61917 0.730998 0.842827 0.587991 0.691842 0.795692
671.5 0.627158 0.739288 0.851418 0.586629 0.69123 0.79583
672.5 0.614195 0.725204 0.836212 0.58684 0.692442 0.798044
673.5 0.603414 0.714172 0.82493 0.564322 0.668223 0.772123
674.5 0.587684 0.69529 0.802895 0.574757 0.680056 0.785354
675.5 0.606201 0.713513 0.820826 0.580302 0.688392 0.796481
676.5 0.602287 0.710761 0.819236 0.596416 0.706079 0.815742
677.5 0.597329 0.705636 0.813943 0.606351 0.716994 0.827638
678.5 0.586799 0.69561 0.80442 0.6047 0.712843 0.820986
679.5 0.583657 0.691171 0.798685 0.59178 0.697107 0.802433
680.5 0.587116 0.693905 0.800695 0.572101 0.675763 0.779425
681.5 0.607281 0.715503 0.823726 0.555477 0.660872 0.766267
682.5 0.603911 0.710895 0.817879 0.584713 0.691645 0.798577
683.5 0.600719 0.705947 0.811175 0.586289 0.692872 0.799456
684.5 0.599933 0.703019 0.806105 0.594201 0.699512 0.804823
685.5 0.599806 0.702983 0.80616 0.593215 0.698754 0.804294
686.5 0.597687 0.70278 0.807873 0.589717 0.696427 0.803137
687.5 0.605324 0.712096 0.818867 0.590493 0.697643 0.804792
688.5 0.607969 0.717635 0.827302 0.607262 0.714161 0.821061
689.5 0.620053 0.730855 0.841657 0.60137 0.708453 0.815536
690.5 0.620939 0.732199 0.843458 0.620836 0.726369 0.831903
691.5 0.622567 0.734143 0.845718 0.616963 0.722096 0.82723
692.5 0.610638 0.719734 0.82883 0.600991 0.707031 0.81307
693.5 0.613588 0.722764 0.831941 0.626303 0.734725 0.843146
694.5 0.605814 0.716274 0.826734 0.611492 0.717099 0.822706
695.5 0.612366 0.722566 0.832767 0.606192 0.710813 0.815433
696.5 0.601452 0.709347 0.817243 0.592729 0.69689 0.80105
697.5 0.585019 0.691053 0.797086 0.600525 0.705199 0.809873
698.5 0.58454 0.692124 0.799709 0.591395 0.69368 0.795964
699.5 0.568433 0.673238 0.778043 0.569188 0.671221 0.773253
700.5 0.567804 0.671831 0.775858 0.56653 0.66554 0.764551
701.5 0.57848 0.681892 0.785303 0.553746 0.648228 0.74271
702.5 0.580375 0.683296 0.786216 0.565379 0.660655 0.755931
703.5 0.56837 0.669631 0.770891 0.574266 0.671326 0.768387
704.5 0.569791 0.671409 0.773027 0.578568 0.676592 0.774617
705.5 0.602168 0.70498 0.807792 0.56308 0.66043 0.75778
706.5 0.619077 0.724089 0.829102 0.56427 0.662307 0.760344
707.5 0.637283 0.741403 0.845522 0.562492 0.662101 0.76171
708.5 0.609943 0.712023 0.814102 0.58473 0.686825 0.788919
709.5 0.614628 0.715502 0.816377 0.595198 0.696024 0.79685
710.5 0.624195 0.725379 0.826562 0.596523 0.698637 0.80075
711.5 0.630063 0.729659 0.829254 0.585073 0.687861 0.79065
712.5 0.638425 0.737816 0.837207 0.583737 0.687817 0.791897
713.5 0.631084 0.730901 0.830718 0.582593 0.687083 0.791573
714.5 0.608725 0.708102 0.807479 0.594678 0.6996 0.804522
715.5 0.595142 0.694646 0.794149 0.614625 0.719291 0.823958
716.5 0.602573 0.701057 0.79954 0.629592 0.735005 0.840419
717.5 0.61295 0.711093 0.809236 0.631616 0.737697 0.843778
718.5 0.600418 0.697824 0.795229 0.643303 0.748904 0.854506
719.5 0.601156 0.696494 0.791832 0.623725 0.72957 0.835415
720.5 0.610896 0.706375 0.801855 0.599938 0.705213 0.810488
721.5 0.605457 0.699073 0.792689 0.585646 0.690666 0.795686
722.5 0.596488 0.687631 0.778775 0.57587 0.679196 0.782521
723.5 0.57788 0.670615 0.763351 0.591573 0.695024 0.798475
724.5 0.576717 0.670398 0.76408 0.548772 0.652769 0.756766
725.5 0.565549 0.662035 0.758522 0.561139 0.663935 0.766731
726.5 0.547758 0.6441 0.740441 0.557458 0.659719 0.76198
727.5 0.532875 0.629042 0.725209 0.551096 0.652282 0.753468
728.5 0.543102 0.637686 0.73227 0.552848 0.656454 0.760059
729.5 0.555424 0.647469 0.739514 0.5626 0.66728 0.771961
730.5 0.56381 0.654532 0.745255 0.554725 0.659689 0.764654
731.5 0.555627 0.645417 0.735208 0.569995 0.674696 0.779397
732.5 0.558151 0.650435 0.742719 0.579522 0.683575 0.787628
733.5 0.564516 0.658464 0.752413 0.594136 0.698951 0.803766
734.5 0.573017 0.666453 0.759889 0.585933 0.690639 0.795345
735.5 0.552108 0.646275 0.740441 0.59528 0.69868 0.80208
736.5 0.541074 0.63582 0.730566 0.576986 0.677829 0.778672
737.5 0.535649 0.63064 0.72563 0.572043 0.675649 0.779255
738.5 0.540872 0.635472 0.730071 0.591647 0.694872 0.798097
739.5 0.524799 0.616824 0.70885 0.578617 0.680859 0.783101
740.5 0.521196 0.610164 0.699131 0.574903 0.675249 0.775596
741.5 0.535497 0.624349 0.713201 0.555942 0.654155 0.752368
742.5 0.532308 0.619577 0.706847 0.566207 0.663185 0.760163
743.5 0.517298 0.604209 0.69112 0.572109 0.669067 0.766026
744.5 0.542508 0.63032 0.718131 0.560746 0.658845 0.756943
745.5 0.546736 0.636956 0.727176 0.574544 0.670386 0.766227
746.5 0.553103 0.644444 0.735785 0.571761 0.665546 0.759331
747.5 0.545242 0.63691 0.728577 0.557705 0.647864 0.738023
748.5 0.527695 0.616298 0.704902 0.559631 0.649535 0.739439
749.5 0.540064 0.627025 0.713985 0.554583 0.643982 0.733381
750.5 0.533626 0.619422 0.705218 0.562275 0.65172 0.741165
751.5 0.533827 0.617856 0.701885 0.55326 0.643534 0.733808
752.5 0.518483 0.59936 0.680237 0.547579 0.637001 0.726423
753.5 0.537876 0.618917 0.699959 0.549388 0.636597 0.723806
754.5 0.553466 0.634949 0.716432 0.531055 0.618236 0.705417
755.5 0.551407 0.633719 0.716031 0.545986 0.63456 0.723135
756.5 0.560281 0.644317 0.728353 0.549068 0.639631 0.730194
757.5 0.56717 0.653708 0.740245 0.574465 0.666557 0.75865
758.5 0.560502 0.647216 0.73393 0.572863 0.664659 0.756456
759.5 0.561507 0.648589 0.73567 0.574488 0.667116 0.759745
760.5 0.567968 0.657272 0.746577 0.574934 0.668127 0.76132
761.5 0.567296 0.656686 0.746076 0.562186 0.654514 0.746843
762.5 0.572777 0.664221 0.755664 0.553281 0.646758 0.740235
763.5 0.578187 0.670439 0.762691 0.555657 0.650191 0.744726
764.5 0.590365 0.684061 0.777758 0.566213 0.66167 0.757128
765.5 0.580213 0.673093 0.765974 0.56789 0.66403 0.76017
766.5 0.554143 0.645446 0.736749 0.60025 0.694391 0.788532
767.5 0.578251 0.667533 0.756815 0.586967 0.682095 0.777223
768.5 0.552944 0.642643 0.732341 0.595279 0.692359 0.78944
769.5 0.578283 0.672218 0.766152 0.576426 0.676163 0.775899
770.5 0.58286 0.677718 0.772575 0.5914 0.692987 0.794574
771.5 0.590484 0.686573 0.782661 0.59799 0.700868 0.803747
772.5 0.597916 0.696256 0.794596 0.59927 0.700463 0.801656
773.5 0.600826 0.698707 0.796587 0.594238 0.695901 0.797563
774.5 0.604167 0.700864 0.797561 0.588663 0.688726 0.78879
775.5 0.59029 0.686585 0.782881 0.592611 0.692699 0.792788
776.5 0.583879 0.681261 0.778643 0.603397 0.703677 0.803957
777.5 0.580457 0.678999 0.777541 0.594311 0.697007 0.799702
778.5 0.576745 0.676503 0.77626 0.600715 0.704003 0.80729
779.5 0.592531 0.693575 0.79462 0.579852 0.681861 0.78387
780.5 0.59833 0.699956 0.801582 0.582422 0.684818 0.787213
781.5 0.625157 0.728573 0.831988 0.577657 0.680358 0.783059
782.5 0.622763 0.726449 0.830136 0.58508 0.684062 0.783044
783.5 0.595983 0.699631 0.80328 0.57767 0.676227 0.774783
784.5 0.585669 0.688264 0.790858 0.571056 0.670598 0.770141
785.5 0.567282 0.670174 0.773066 0.567748 0.66566 0.763571
786.5 0.569915 0.670234 0.770553 0.567159 0.665955 0.764752
787.5 0.572494 0.671257 0.770021 0.569802 0.671416 0.77303
788.5 0.563407 0.66057 0.757733 0.560291 0.662177 0.764063
789.5 0.557096 0.65829 0.759485 0.560633 0.664224 0.767814
790.5 0.573493 0.677926 0.78236 0.579973 0.685074 0.790176
791.5 0.571244 0.675967 0.78069 0.565569 0.673148 0.780726
792.5 0.558114 0.662809 0.767504 0.571182 0.679592 0.788003
793.5 0.566284 0.67062 0.774957 0.571504 0.682746 0.793989
794.5 0.568934 0.675597 0.782259 0.572734 0.684908 0.797082
795.5 0.559833 0.666355 0.772877 0.602373 0.71608 0.829786
796.5 0.558713 0.665991 0.773268 0.604932 0.720099 0.835266
797.5 0.564651 0.672452 0.780253 0.616027 0.73165 0.847274
798.5 0.583868 0.690156 0.796443 0.622519 0.739577 0.856634
799.5 0.584681 0.691093 0.797505 0.617626 0.7337 0.849774
800.5 0.610283 0.717467 0.824651 0.604388 0.717165 0.829942
801.5 0.627506 0.737258 0.847011 0.632706 0.7457 0.858694
802.5 0.624893 0.734124 0.843355 0.637435 0.753585 0.869734
803.5 0.63766 0.748092 0.858524 0.620212 0.735577 0.850943
804.5 0.635215 0.742046 0.848877 0.598287 0.711667 0.825047
805.5 0.614604 0.717686 0.820767 0.601656 0.715253 0.828849
806.5 0.582475 0.68441 0.786346 0.617335 0.732068 0.846801
807.5 0.589324 0.690256 0.791188 0.608367 0.7231 0.837832
808.5 0.580649 0.678719 0.776788 0.580675 0.69255 0.804425
809.5 0.563251 0.661175 0.759098 0.576345 0.684439 0.792534
810.5 0.56142 0.65676 0.752099 0.559395 0.666746 0.774097
811.5 0.579661 0.676838 0.774015 0.555025 0.659888 0.764752
812.5 0.584077 0.680969 0.777861 0.546782 0.651878 0.756973
813.5 0.56446 0.661849 0.759238 0.546031 0.649468 0.752905
814.5 0.558691 0.657419 0.756147 0.552616 0.654937 0.757258
815.5 0.559555 0.660018 0.760481 0.55771 0.659566 0.761421
816.5 0.552277 0.651038 0.749799 0.567482 0.669286 0.77109
817.5 0.549077 0.647552 0.746026 0.572264 0.677024 0.781785
818.5 0.55343 0.65192 0.750409 0.55073 0.654961 0.759191
819.5 0.552199 0.649788 0.747376 0.548532 0.651447 0.754362
820.5 0.543612 0.639761 0.73591 0.551126 0.652462 0.753798
821.5 0.548302 0.644426 0.74055 0.550963 0.652603 0.754244
822.5 0.542172 0.636247 0.730322 0.553665 0.65518 0.756696
823.5 0.537478 0.630193 0.722907 0.539441 0.637213 0.734984
824.5 0.498803 0.588931 0.67906 0.549401 0.646967 0.744533
825.5 0.524199 0.612783 0.701367 0.514672 0.608921 0.703169
826.5 0.492656 0.580812 0.668968 0.550682 0.646424 0.742165
827.5 0.503236 0.590396 0.677555 0.545098 0.639758 0.734418
828.5 0.517048 0.604379 0.691709 0.549291 0.642624 0.735957
829.5 0.521503 0.610304 0.699105 0.56255 0.65673 0.75091
830.5 0.524915 0.609189 0.693462 0.538137 0.632187 0.726237
831.5 0.528216 0.613783 0.699349 0.537373 0.631048 0.724723
832.5 0.527808 0.612731 0.697654 0.523239 0.617705 0.712171
833.5 0.534575 0.620098 0.70562 0.545939 0.639641 0.733343
834.5 0.54841 0.634028 0.719647 0.527821 0.619235 0.710649
835.5 0.527664 0.612967 0.698271 0.525869 0.616631 0.707394
836.5 0.503725 0.588431 0.673137 0.539781 0.630139 0.720497
837.5 0.507361 0.590273 0.673185 0.553752 0.645615 0.737479
838.5 0.50962 0.591182 0.672743 0.544925 0.637658 0.73039
839.5 0.492915 0.574647 0.656379 0.577341 0.671545 0.765749
840.5 0.501261 0.581766 0.662271 0.557473 0.652983 0.748493
841.5 0.509124 0.58997 0.670815 0.56197 0.658613 0.755255
842.5 0.522514 0.601158 0.679801 0.557672 0.653555 0.749438
843.5 0.51611 0.593808 0.671506 0.558399 0.649691 0.740984
844.5 0.514933 0.591674 0.668416 0.541062 0.631411 0.72176
845.5 0.52625 0.604641 0.683033 0.538393 0.62758 0.716767
846.5 0.521361 0.598302 0.675243 0.535138 0.624029 0.71292
847.5 0.519668 0.595913 0.672157 0.534381 0.626064 0.717747
848.5 0.522899 0.600661 0.678424 0.541875 0.634429 0.726983
849.5 0.527457 0.60476 0.682063 0.549329 0.640803 0.732277
850.5 0.520292 0.596499 0.672706 0.553401 0.646245 0.739088
851.5 0.516347 0.592374 0.668402 0.550032 0.644442 0.738853
852.5 0.50813 0.583004 0.657878 0.562972 0.657286 0.751601
853.5 0.501154 0.57742 0.653686 0.566059 0.661969 0.75788
854.5 0.500039 0.57545 0.65086 0.573301 0.670871 0.768441
855.5 0.509043 0.582027 0.65501 0.570029 0.667069 0.76411
856.5 0.492726 0.565956 0.639186 0.572372 0.66643 0.760488
857.5 0.498005 0.57113 0.644255 0.572859 0.665805 0.758751
858.5 0.495515 0.567698 0.639882 0.580468 0.671839 0.76321
859.5 0.503371 0.576666 0.64996 0.556558 0.646498 0.736437
860.5 0.507399 0.580314 0.653229 0.548439 0.636097 0.723754
861.5 0.498537 0.571378 0.644218 0.547497 0.635759 0.72402
862.5 0.49336 0.566573 0.639786 0.54653 0.636532 0.726534
863.5 0.493098 0.567636 0.642173 0.538382 0.628478 0.718574
864.5 0.509712 0.586596 0.66348 0.528978 0.61675 0.704523
865.5 0.520079 0.596258 0.672437 0.516608 0.602867 0.689127
866.5 0.524535 0.598215 0.671896 0.500631 0.587606 0.674582
867.5 0.501375 0.573936 0.646497 0.513636 0.599534 0.685432
868.5 0.515429 0.585796 0.656162 0.496791 0.583202 0.669613
869.5 0.502966 0.573232 0.643498 0.503803 0.589815 0.675828
870.5 0.498029 0.569317 0.640604 0.501696 0.589462 0.677227
871.5 0.494109 0.56743 0.64075 0.505219 0.59225 0.67928
872.5 0.485984 0.559362 0.632741 0.504868 0.591019 0.677171
873.5 0.492751 0.568303 0.643856 0.507296 0.594697 0.682099
874.5 0.487789 0.563625 0.639461 0.515389 0.604007 0.692626
875.5 0.498385 0.573143 0.647901 0.520947 0.609957 0.698968
876.5 0.490077 0.562996 0.635916 0.528966 0.61691 0.704854
877.5 0.463969 0.53516 0.606351 0.521757 0.607829 0.693901
878.5 0.466231 0.537637 0.609043 0.53314 0.618315 0.70349
879.5 0.458335 0.529958 0.60158 0.519484 0.602216 0.684948
880.5 0.472746 0.544672 0.616599 0.508908 0.592049 0.67519
881.5 0.486987 0.563567 0.640147 0.525979 0.612862 0.699744
882.5 0.489677 0.56738 0.645082 0.54343 0.633782 0.724134
883.5 0.509177 0.590151 0.671125 0.533832 0.623675 0.713517
884.5 0.500129 0.585758 0.671387 0.525143 0.611496 0.697849
885.5 0.474696 0.560473 0.64625 0.513987 0.598039 0.682091
886.5 0.474974 0.561401 0.647827 0.497304 0.583607 0.669911
887.5 0.485873 0.573246 0.660618 0.49749 0.584041 0.670591
888.5 0.50702 0.597845 0.688669 0.497125 0.584165 0.671204
889.5 0.503268 0.596325 0.689383 0.513406 0.602031 0.690655
890.5 0.497068 0.589094 0.68112 0.532129 0.622741 0.713353
891.5 0.507211 0.599602 0.691992 0.528622 0.617402 0.706183
892.5 0.510041 0.603204 0.696367 0.542701 0.632006 0.721311
893.5 0.533082 0.63039 0.727698 0.54372 0.634394 0.725069
894.5 0.550883 0.647868 0.744853 0.536627 0.629418 0.722209
895.5 0.542549 0.640188 0.737827 0.523048 0.617354 0.71166
896.5 0.539416 0.638009 0.736602 0.54529 0.640463 0.735635
897.5 0.543462 0.640577 0.737693 0.553671 0.646505 0.739338
898.5 0.549522 0.646611 0.7437 0.550384 0.642513 0.734642
899.5 0.564322 0.664337 0.764353 0.534896 0.625657 0.716419
900.5 0.565518 0.667549 0.76958 0.543346 0.635042 0.726738
901.5 0.586061 0.690422 0.794782 0.539939 0.629866 0.719792
902.5 0.590579 0.69628 0.801982 0.557624 0.648095 0.738565
903.5 0.59234 0.696608 0.800875 0.570816 0.661849 0.752882
904.5 0.572031 0.676459 0.780886 0.568573 0.659364 0.750155
905.5 0.57513 0.677683 0.780236 0.550487 0.640816 0.731145
906.5 0.567938 0.670807 0.773676 0.557789 0.647519 0.737249
907.5 0.552851 0.653907 0.754962 0.581253 0.671878 0.762504
908.5 0.547502 0.647483 0.747464 0.569419 0.658153 0.746888
909.5 0.558568 0.656419 0.75427 0.564081 0.654093 0.744106
910.5 0.557304 0.655123 0.752942 0.559292 0.65072 0.742147
911.5 0.555217 0.654774 0.754332 0.541116 0.63247 0.723825
912.5 0.557578 0.657579 0.75758 0.543761 0.634551 0.725342
913.5 0.54565 0.648343 0.751036 0.575928 0.666692 0.757457
914.5 0.566006 0.670939 0.775872 0.556039 0.645439 0.734839
915.5 0.594406 0.701864 0.809323 0.529277 0.616398 0.70352
916.5 0.588775 0.694684 0.800593 0.53248 0.618199 0.703918
917.5 0.576453 0.682659 0.788864 0.546058 0.631732 0.717407
918.5 0.574219 0.681633 0.789047 0.5452 0.632759 0.720319
919.5 0.578558 0.686242 0.793926 0.518821 0.605177 0.691533
920.5 0.583791 0.691266 0.798742 0.520992 0.607579 0.694165
921.5 0.573242 0.682073 0.790903 0.518564 0.602664 0.686764
922.5 0.566989 0.67339 0.77979 0.517539 0.602874 0.688209
923.5 0.551511 0.65885 0.76619 0.540473 0.626229 0.711985
924.5 0.584769 0.691824 0.798879 0.551702 0.637776 0.723851
925.5 0.588345 0.697027 0.805709 0.54808 0.63324 0.718401
926.5 0.603349 0.712963 0.822578 0.539712 0.624569 0.709427
927.5 0.583452 0.692504 0.801557 0.5295 0.614013 0.698525
928.5 0.578679 0.686042 0.793406 0.547832 0.63251 0.717189
929.5 0.580175 0.686909 0.793642 0.537346 0.620557 0.703769
930.5 0.560141 0.668504 0.776868 0.535887 0.621141 0.706394
931.5 0.54231 0.647708 0.753106 0.531808 0.616101 0.700395
932.5 0.545722 0.647554 0.749387 0.527251 0.614197 0.701143
933.5 0.54091 0.640435 0.739961 0.520206 0.610156 0.700107
934.5 0.524086 0.624696 0.725306 0.532165 0.622039 0.711913
935.5 0.553981 0.658118 0.762255 0.549415 0.642015 0.734614
936.5 0.570671 0.675736 0.7808 0.551017 0.645966 0.740915
937.5 0.580797 0.68624 0.791683 0.556467 0.654491 0.752515
938.5 0.590008 0.695739 0.801469 0.541274 0.63929 0.737305
939.5 0.581413 0.687495 0.793576 0.565059 0.662054 0.759049
940.5 0.594745 0.70245 0.810155 0.573694 0.669793 0.765891
941.5 0.574909 0.682818 0.790727 0.578884 0.676426 0.773968
942.5 0.583318 0.690053 0.796788 0.579396 0.678756 0.778116
943.5 0.59888 0.707561 0.816242 0.552157 0.650716 0.749274
944.5 0.563474 0.670526 0.777578 0.562204 0.660404 0.758603
945.5 0.561541 0.667964 0.774387 0.544143 0.641616 0.739088
946.5 0.543585 0.649704 0.755824 0.534612 0.631764 0.728917
947.5 0.52952 0.633468 0.737415 0.530259 0.626747 0.723235
948.5 0.555109 0.657099 0.759089 0.529362 0.626731 0.724099
949.5 0.548259 0.648137 0.748016 0.540848 0.638941 0.737034
950.5 0.552888 0.653721 0.754554 0.564625 0.662988 0.761352
951.5 0.558179 0.659184 0.760189 0.546804 0.644689 0.742574
952.5 0.566059 0.670208 0.774358 0.553336 0.650982 0.748628
953.5 0.56739 0.673605 0.779821 0.565055 0.661715 0.758374
954.5 0.58268 0.690012 0.797343 0.568508 0.665276 0.762043
955.5 0.576327 0.685234 0.794141 0.58354 0.680437 0.777333
956.5 0.565 0.673944 0.782888 0.585897 0.683521 0.781146
957.5 0.570476 0.679257 0.788038 0.56731 0.666949 0.766588
958.5 0.566157 0.677768 0.78938 0.576371 0.676847 0.777323
959.5 0.58404 0.695975 0.80791 0.571375 0.673131 0.774887
960.5 0.595314 0.707958 0.820602 0.55049 0.652405 0.75432
961.5 0.57899 0.692492 0.805995 0.56903 0.673069 0.777108
962.5 0.574748 0.685607 0.796466 0.584073 0.689221 0.794368
963.5 0.580453 0.691177 0.801901 0.593106 0.699987 0.806868
964.5 0.588533 0.703343 0.818152 0.593128 0.701408 0.809688
965.5 0.571121 0.686906 0.80269 0.603816 0.713969 0.824122
966.5 0.605702 0.722026 0.838349 0.578964 0.686766 0.794569
967.5 0.588428 0.706657 0.824887 0.593488 0.700914 0.80834
968.5 0.597953 0.717475 0.836996 0.592553 0.699999 0.807445
969.5 0.610927 0.731651 0.852376 0.60778 0.714563 0.821346
970.5 0.629213 0.749096 0.868979 0.615521 0.723974 0.832426
971.5 0.623077 0.742793 0.86251 0.626677 0.735012 0.843347
972.5 0.612581 0.730742 0.848904 0.579127 0.684497 0.789866
973.5 0.580285 0.698419 0.816553 0.588939 0.690964 0.79299
974.5 0.595869 0.715194 0.83452 0.586112 0.687534 0.788957
975.5 0.590247 0.709947 0.829646 0.612643 0.711927 0.811212
976.5 0.582432 0.698592 0.814753 0.591112 0.687045 0.782979
977.5 0.582888 0.696339 0.809789 0.577448 0.670901 0.764355
978.5 0.60248 0.714062 0.825645 0.572944 0.667097 0.76125
979.5 0.603001 0.712593 0.822185 0.557707 0.650246 0.742784
980.5 0.600191 0.710837 0.821483 0.542587 0.635168 0.72775
981.5 0.58437 0.694945 0.80552 0.561111 0.654578 0.748044
982.5 0.581695 0.688837 0.795979 0.558261 0.651783 0.745306
983.5 0.590673 0.697902 0.80513 0.566169 0.661284 0.756399
984.5 0.599763 0.705827 0.811891 0.55064 0.647634 0.744628
985.5 0.589233 0.693479 0.797725 0.557546 0.654039 0.750533
986.5 0.57343 0.677482 0.781535 0.548476 0.645359 0.742243
987.5 0.574182 0.677655 0.781129 0.543804 0.642247 0.740689
988.5 0.600713 0.705385 0.810056 0.555335 0.653313 0.751291
989.5 0.601803 0.707283 0.812762 0.559023 0.655525 0.752028
990.5 0.583761 0.688843 0.793926 0.557603 0.652642 0.747681
991.5 0.575258 0.681293 0.787329 0.557262 0.651118 0.744974
992.5 0.574506 0.678 0.781494 0.556435 0.647915 0.739396
993.5 0.575846 0.680969 0.786091 0.565042 0.657522 0.750003
994.5 0.579589 0.6863 0.79301 0.564864 0.659877 0.754889
995.5 0.565472 0.673572 0.781672 0.578358 0.673606 0.768853
996.5 0.57332 0.679512 0.785705 0.587841 0.68391 0.779979
997.5 0.56651 0.671602 0.776694 0.594136 0.689867 0.785598
998.5 0.568976 0.6735 0.778023 0.579879 0.676458 0.773037
999.5 0.576991 0.683707 0.790422 0.573929 0.669155 0.764381
