Time	             RafP	Location	vc0	
New Path
0	                0	l0	0	
0.0664747479997118	                0	l0	0	
0.0664747479997118	                0	l0	0	
0.708215018661932	                0	l0	0	
0.708215018661932	                0	l0	0	
0.982969637626778	                0	l0	0	
0.982969637626778	                0	l0	0	
1.03028118958607	                0	l0	0	
1.03028118958607	                1	l0	0	
1.47437330545394	                1	l0	0	
1.47437330545394	                1	l0	0	
2.21942274367978	                1	l0	0	
2.21942274367978	                1	l0	0	
2.59054032732848	                1	l0	0	
2.59054032732848	                1	l0	0	
2.69259671011011	                1	l0	0	
2.69259671011011	                1	l0	0	
3.43011767851129	                1	l0	0	
3.43011767851129	                1	l0	0	
3.55807363638211	                1	l0	0	
3.55807363638211	                1	l0	0	
3.97009886901276	                1	l0	0	
3.97009886901276	                1	l0	0	
4.65720952036291	                1	l0	0	
4.65720952036291	                1	l0	0	
4.94173489904636	                1	l0	0	
4.94173489904636	                2	l0	0	
4.95782974636293	                2	l0	0	
4.95782974636293	                1	l0	0	
5.42581395766356	                1	l0	0	
5.42581395766356	                1	l0	0	
5.97306180130673	                1	l0	0	
5.97306180130673	                1	l0	0	
6.33841773040367	                1	l0	0	
6.33841773040367	                1	l0	0	
6.81893498233852	                1	l0	0	
6.81893498233852	                1	l0	0	
6.86239737429852	                1	l0	0	
6.86239737429852	                1	l0	0	
7.24413099270325	                1	l0	0	
7.24413099270325	                1	l0	0	
7.42242042632868	                1	l0	0	
7.42242042632868	                1	l0	0	
7.4865082824619	                1	l0	0	
7.4865082824619	                1	l0	0	
7.53743874611924	                1	l0	0	
7.53743874611924	                1	l0	0	
7.83413070415446	                1	l0	0	
7.83413070415446	                1	l0	0	
7.89817146499145	                1	l0	0	
7.89817146499145	                1	l0	0	
8.08737615418492	                1	l0	0	
8.08737615418492	                1	l0	0	
8.48317476690427	                1	l0	0	
8.48317476690427	                1	l0	0	
8.74238379879351	                1	l0	0	
8.74238379879351	                1	l0	0	
8.91943818580214	                1	l0	0	
8.91943818580214	                2	l0	0	
8.98367250422066	                2	l0	0	
8.98367250422066	                1	l0	0	
9.11100052765779	                1	l0	0	
9.11100052765779	                1	l0	0	
10.2875197148609	                1	l0	0	
10.2875197148609	                2	l0	0	
10.3043339324027	                2	l0	0	
10.3043339324027	                1	l0	0	
10.3778392893418	                1	l0	0	
10.3778392893418	                1	l0	0	
10.754068642419	                1	l0	0	
10.754068642419	                1	l0	0	
11.3125356888112	                1	l0	0	
11.3125356888112	                2	l0	0	
11.3319477312332	                2	l0	0	
11.3319477312332	                1	l0	0	
12.7441307316766	                1	l0	0	
12.7441307316766	                1	l0	0	
13.7788033083264	                1	l0	0	
13.7788033083264	                1	l0	0	
13.7814829459299	                1	l0	0	
13.7814829459299	                1	l0	0	
13.8361714331922	                1	l0	0	
13.8361714331922	                2	l0	0	
13.8420194647091	                2	l0	0	
13.8420194647091	                1	l0	0	
13.8436943381282	                1	l0	0	
13.8436943381282	                1	l0	0	
14.1864991498679	                1	l0	0	
14.1864991498679	                2	l0	0	
14.2253928501246	                2	l0	0	
14.2253928501246	                1	l0	0	
14.3770153947843	                1	l0	0	
14.3770153947843	                1	l0	0	
14.3771712393328	                1	l0	0	
14.3771712393328	                1	l0	0	
14.7429913956103	                1	l0	0	
14.7429913956103	                1	l0	0	
14.8604506484074	                1	l0	0	
14.8604506484074	                2	l0	0	
14.8954927414775	                2	l0	0	
14.8954927414775	                1	l0	0	
14.9665527474587	                1	l0	0	
14.9665527474587	                1	l0	0	
16.9878192082712	                1	l0	0	
16.9878192082712	                1	l0	0	
17.3470820088259	                1	l0	0	
17.3470820088259	                1	l0	0	
17.3521029769708	                1	l0	0	
17.3521029769708	                1	l0	0	
18.2082183857866	                1	l0	0	
18.2082183857866	                1	l0	0	
18.3958492886894	                1	l0	0	
18.3958492886894	                2	l0	0	
18.4156149613552	                2	l0	0	
18.4156149613552	                1	l0	0	
18.444913387953	                1	l0	0	
18.444913387953	                1	l0	0	
18.5829218380833	                1	l0	0	
18.5829218380833	                1	l0	0	
18.649643992444	                1	l0	0	
18.649643992444	                1	l0	0	
18.7173804269716	                1	l0	0	
18.7173804269716	                1	l0	0	
19.969360161573	                1	l0	0	
19.969360161573	                1	l0	0	
20.5340078976603	                1	l0	0	
20.5340078976603	                1	l0	0	
20.9322752988524	                1	l0	0	
20.9322752988524	                1	l0	0	
21.0214833768538	                1	l0	0	
21.0214833768538	                1	l0	0	
21.1164814966846	                1	l0	0	
21.1164814966846	                2	l0	0	
21.3575969240808	                2	l0	0	
21.3575969240808	                1	l0	0	
21.6964937177447	                1	l0	0	
21.6964937177447	                1	l0	0	
22.3248782212454	                1	l0	0	
22.3248782212454	                1	l0	0	
22.4236667459237	                1	l0	0	
22.4236667459237	                2	l0	0	
22.430004227852	                2	l0	0	
22.430004227852	                2	l0	0	
22.8090153905865	                2	l0	0	
22.8090153905865	                2	l0	0	
22.8148555032015	                2	l0	0	
22.8148555032015	                2	l0	0	
22.8831846615913	                2	l0	0	
22.8831846615913	                1	l0	0	
23.6763909724414	                1	l0	0	
23.6763909724414	                2	l0	0	
23.7144490310843	                2	l0	0	
23.7144490310843	                1	l0	0	
23.8780309676365	                1	l0	0	
23.8780309676365	                2	l0	0	
23.9065750877978	                2	l0	0	
23.9065750877978	                3	l0	0	
23.9333449769608	                3	l0	0	
23.9333449769608	                3	l0	0	
23.9841371839671	                3	l0	0	
23.9841371839671	                2	l0	0	
24.1112043971215	                2	l0	0	
24.1112043971215	                1	l0	0	
24.3819156126517	                1	l0	0	
24.3819156126517	                1	l0	0	
24.501214830992	                1	l0	0	
24.501214830992	                1	l0	0	
24.6465029931549	                1	l0	0	
24.6465029931549	                1	l0	0	
24.7252745000587	                1	l0	0	
24.7252745000587	                1	l0	0	
24.8102459762971	                1	l0	0	
24.8102459762971	                2	l0	0	
24.8246241856841	                2	l0	0	
24.8246241856841	                1	l0	0	
25.3095866292246	                1	l0	0	
25.3095866292246	                1	l0	0	
25.3554266090918	                1	l0	0	
25.3554266090918	                1	l0	0	
25.6314952913343	                1	l0	0	
25.6314952913343	                1	l0	0	
25.7366187291039	                1	l0	0	
25.7366187291039	                1	l0	0	
26.3134202564963	                1	l0	0	
26.3134202564963	                2	l0	0	
26.4345484096734	                2	l0	0	
26.4345484096734	                2	l0	0	
26.556410871253	                2	l0	0	
26.556410871253	                2	l0	0	
26.8445070077031	                2	l0	0	
26.8445070077031	                1	l0	0	
27.2569532357147	                1	l0	0	
27.2569532357147	                1	l0	0	
27.4371545725706	                1	l0	0	
27.4371545725706	                1	l0	0	
27.6929413869681	                1	l0	0	
27.6929413869681	                1	l0	0	
27.9397552900258	                1	l0	0	
27.9397552900258	                1	l0	0	
27.9444244276946	                1	l0	0	
27.9444244276946	                1	l0	0	
28.466624513116	                1	l0	0	
28.466624513116	                1	l0	0	
28.4840413788891	                1	l0	0	
28.4840413788891	                1	l0	0	
28.5224261504645	                1	l0	0	
28.5224261504645	                1	l0	0	
28.8471959152134	                1	l0	0	
28.8471959152134	                1	l0	0	
29.0020585127558	                1	l0	0	
29.0020585127558	                1	l0	0	
29.0686181283938	                1	l0	0	
29.0686181283938	                1	l0	0	
29.2182905002891	                1	l0	0	
29.2182905002891	                1	l0	0	
29.5836829743408	                1	l0	0	
29.5836829743408	                2	l0	0	
29.7449088893905	                2	l0	0	
29.7449088893905	                1	l0	0	
29.7816149685712	                1	l0	0	
29.7816149685712	                2	l0	0	
29.8755160207311	                2	l0	0	
29.8755160207311	                1	l0	0	
30.4315209627208	                1	l0	0	
30.4315209627208	                2	l0	0	
30.5818367134932	                2	l0	0	
30.5818367134932	                1	l0	0	
30.8077186380508	                1	l0	0	
30.8077186380508	                1	l0	0	
31.134120692339	                1	l0	0	
31.134120692339	                1	l0	0	
31.1437722458982	                1	l0	0	
31.1437722458982	                1	l0	0	
31.2391425428027	                1	l0	0	
31.2391425428027	                1	l0	0	
31.251935681635	                1	l0	0	
31.251935681635	                1	l0	0	
31.3039675006184	                1	l0	0	
31.3039675006184	                1	l0	0	
31.4344985574388	                1	l0	0	
31.4344985574388	                2	l0	0	
31.4561171765122	                2	l0	0	
31.4561171765122	                1	l0	0	
31.5608121456435	                1	l0	0	
31.5608121456435	                1	l0	0	
31.6917856097875	                1	l0	0	
31.6917856097875	                1	l0	0	
31.7725547119832	                1	l0	0	
31.7725547119832	                2	l0	0	
31.826149495296	                2	l0	0	
31.826149495296	                2	l0	0	
31.8762334851939	                2	l0	0	
31.8762334851939	                2	l0	0	
31.9044748034527	                2	l0	0	
31.9044748034527	                1	l0	0	
32.3191909346456	                1	l0	0	
32.3191909346456	                1	l0	0	
32.3417678271991	                1	l0	0	
32.3417678271991	                1	l0	0	
32.5726164432744	                1	l0	0	
32.5726164432744	                1	l0	0	
32.5928858952796	                1	l0	0	
32.5928858952796	                1	l0	0	
33.0269689988753	                1	l0	0	
33.0269689988753	                1	l0	0	
33.0346241597461	                1	l0	0	
33.0346241597461	                1	l0	0	
33.2771169459376	                1	l0	0	
33.2771169459376	                1	l0	0	
33.288781347459	                1	l0	0	
33.288781347459	                1	l0	0	
34.009239197587	                1	l0	0	
34.009239197587	                1	l0	0	
34.0380653024672	                1	l0	0	
34.0380653024672	                1	l0	0	
34.5264933113457	                1	l0	0	
34.5264933113457	                2	l0	0	
34.5980137257473	                2	l0	0	
34.5980137257473	                2	l0	0	
35.0071385110429	                2	l0	0	
35.0071385110429	                1	l0	0	
35.4229444072424	                1	l0	0	
35.4229444072424	                1	l0	0	
35.4376370938989	                1	l0	0	
35.4376370938989	                1	l0	0	
35.4559709754395	                1	l0	0	
35.4559709754395	                2	l0	0	
35.483802909037	                2	l0	0	
35.483802909037	                3	l0	0	
35.5898255188882	                3	l0	0	
35.5898255188882	                3	l0	0	
35.7178428307372	                3	l0	0	
35.7178428307372	                3	l0	0	
35.7371715697401	                3	l0	0	
35.7371715697401	                3	l0	0	
35.7464346209248	                3	l0	0	
35.7464346209248	                3	l0	0	
35.8676602890866	                3	l0	0	
35.8676602890866	                3	l0	0	
35.8957239220491	                3	l0	0	
35.8957239220491	                3	l0	0	
35.9348907250661	                3	l0	0	
35.9348907250661	                3	l0	0	
36.0336823443726	                3	l0	0	
36.0336823443726	                2	l0	0	
36.2360736022029	                2	l0	0	
36.2360736022029	                2	l0	0	
36.2440259318245	                2	l0	0	
36.2440259318245	                2	l0	0	
36.2663971779019	                2	l0	0	
36.2663971779019	                2	l0	0	
36.6248392085582	                2	l0	0	
36.6248392085582	                2	l0	0	
36.733123195109	                2	l0	0	
36.733123195109	                2	l0	0	
36.7341447736927	                2	l0	0	
36.7341447736927	                2	l0	0	
36.7555867845431	                2	l0	0	
36.7555867845431	                2	l0	0	
36.77869411893	                2	l0	0	
36.77869411893	                2	l0	0	
37.0531445902502	                2	l0	0	
37.0531445902502	                2	l0	0	
37.1076281101534	                2	l0	0	
37.1076281101534	                2	l0	0	
37.1827666345428	                2	l0	0	
37.1827666345428	                2	l0	0	
37.1982347188451	                2	l0	0	
37.1982347188451	                2	l0	0	
37.2592773763571	                2	l0	0	
37.2592773763571	                2	l0	0	
37.4426363344564	                2	l0	0	
37.4426363344564	                2	l0	0	
37.4615994280057	                2	l0	0	
37.4615994280057	                2	l0	0	
37.6084768943335	                2	l0	0	
37.6084768943335	                2	l0	0	
37.6242379531885	                2	l0	0	
37.6242379531885	                2	l0	0	
37.688859043113	                2	l0	0	
37.688859043113	                2	l0	0	
38.0232409223292	                2	l0	0	
38.0232409223292	                2	l0	0	
38.1181493452288	                2	l0	0	
38.1181493452288	                2	l0	0	
38.121109267499	                2	l0	0	
38.121109267499	                2	l0	0	
38.4499562760848	                2	l0	0	
38.4499562760848	                2	l0	0	
38.5345698188385	                2	l0	0	
38.5345698188385	                2	l0	0	
38.5813519455601	                2	l0	0	
38.5813519455601	                1	l0	0	
38.5957640319898	                1	l0	0	
38.5957640319898	                1	l0	0	
38.7216288824882	                1	l0	0	
38.7216288824882	                2	l0	0	
38.8032066765096	                2	l0	0	
38.8032066765096	                2	l0	0	
38.8097970106399	                2	l0	0	
38.8097970106399	                1	l0	0	
39.1250138522184	                1	l0	0	
39.1250138522184	                1	l0	0	
39.2399900999488	                1	l0	0	
39.2399900999488	                1	l0	0	
39.2586505185321	                1	l0	0	
39.2586505185321	                1	l0	0	
39.30707481975	                1	l0	0	
39.30707481975	                1	l0	0	
39.9437367954973	                1	l0	0	
39.9437367954973	                1	l0	0	
40.0198742406288	                1	l0	0	
40.0198742406288	                2	l0	0	
40.0377717742001	                2	l0	0	
40.0377717742001	                1	l0	0	
40.1217762927223	                1	l0	0	
40.1217762927223	                1	l0	0	
40.2928508417713	                1	l0	0	
40.2928508417713	                1	l0	0	
40.4412254577767	                1	l0	0	
40.4412254577767	                2	l0	0	
40.5263845990746	                2	l0	0	
40.5263845990746	                1	l0	0	
41.1181336401538	                1	l0	0	
41.1181336401538	                1	l0	0	
41.1877044074134	                1	l0	0	
41.1877044074134	                1	l0	0	
41.3449931679946	                1	l0	0	
41.3449931679946	                2	l0	0	
41.6022509453492	                2	l0	0	
41.6022509453492	                1	l0	0	
41.6670539436865	                1	l0	0	
41.6670539436865	                1	l0	0	
41.749223578239	                1	l0	0	
41.749223578239	                1	l0	0	
41.7525081393451	                1	l0	0	
41.7525081393451	                1	l0	0	
42.2473113107584	                1	l0	0	
42.2473113107584	                1	l0	0	
42.2928360780153	                1	l0	0	
42.2928360780153	                1	l0	0	
42.5846331128299	                1	l0	0	
42.5846331128299	                2	l0	0	
42.6725670967113	                2	l0	0	
42.6725670967113	                2	l0	0	
42.7538798848918	                2	l0	0	
42.7538798848918	                1	l0	0	
42.9074364410567	                1	l0	0	
42.9074364410567	                2	l0	0	
42.9737708962106	                2	l0	0	
42.9737708962106	                2	l0	0	
43.0575787033538	                2	l0	0	
43.0575787033538	                2	l0	0	
43.0856015282626	                2	l0	0	
43.0856015282626	                3	l0	0	
43.1048269165175	                3	l0	0	
43.1048269165175	                3	l0	0	
43.1156200362078	                3	l0	0	
43.1156200362078	                2	l0	0	
43.1273602807586	                2	l0	0	
43.1273602807586	                2	l0	0	
43.1402180492656	                2	l0	0	
43.1402180492656	                2	l0	0	
43.2843610992346	                2	l0	0	
43.2843610992346	                1	l0	0	
43.3604793558585	                1	l0	0	
43.3604793558585	                1	l0	0	
43.7028352267686	                1	l0	0	
43.7028352267686	                1	l0	0	
43.7341520068804	                1	l0	0	
43.7341520068804	                1	l0	0	
44.0709033049719	                1	l0	0	
44.0709033049719	                1	l0	0	
44.24146751825	                1	l0	0	
44.24146751825	                1	l0	0	
44.2653637055138	                1	l0	0	
44.2653637055138	                1	l0	0	
44.2804284207822	                1	l0	0	
44.2804284207822	                1	l0	0	
44.6625525755022	                1	l0	0	
44.6625525755022	                2	l0	0	
44.6709931690794	                2	l0	0	
44.6709931690794	                1	l0	0	
44.7214258939179	                1	l0	0	
44.7214258939179	                1	l0	0	
45.105729124591	                1	l0	0	
45.105729124591	                1	l0	0	
45.2458751529418	                1	l0	0	
45.2458751529418	                1	l0	0	
45.4371214319383	                1	l0	0	
45.4371214319383	                1	l0	0	
45.5435156195425	                1	l0	0	
45.5435156195425	                1	l0	0	
45.782713467781	                1	l0	0	
45.782713467781	                2	l0	0	
45.9078406250164	                2	l0	0	
45.9078406250164	                2	l0	0	
46.143067349556	                2	l0	0	
46.143067349556	                2	l0	0	
46.1674647378795	                2	l0	0	
46.1674647378795	                1	l0	0	
46.1735353070924	                1	l0	0	
46.1735353070924	                1	l0	0	
46.1834044715064	                1	l0	0	
46.1834044715064	                1	l0	0	
46.2322750637123	                1	l0	0	
46.2322750637123	                1	l0	0	
46.3837514237833	                1	l0	0	
46.3837514237833	                1	l0	0	
46.4331083004672	                1	l0	0	
46.4331083004672	                1	l0	0	
46.5575477534799	                1	l0	0	
46.5575477534799	                2	l0	0	
46.5666155102967	                2	l0	0	
46.5666155102967	                1	l0	0	
46.589182166761	                1	l0	0	
46.589182166761	                2	l0	0	
46.7052384363589	                2	l0	0	
46.7052384363589	                1	l0	0	
47.0420879976733	                1	l0	0	
47.0420879976733	                1	l0	0	
47.2005238608432	                1	l0	0	
47.2005238608432	                2	l0	0	
47.241004079553	                2	l0	0	
47.241004079553	                1	l0	0	
47.2949873935322	                1	l0	0	
47.2949873935322	                2	l0	0	
47.6387284306246	                2	l0	0	
47.6387284306246	                1	l0	0	
47.6802454014773	                1	l0	0	
47.6802454014773	                1	l0	0	
47.7052279181124	                1	l0	0	
47.7052279181124	                2	l0	0	
47.7217129479692	                2	l0	0	
47.7217129479692	                1	l0	0	
47.7889473449879	                1	l0	0	
47.7889473449879	                1	l0	0	
48.3187289965779	                1	l0	0	
48.3187289965779	                1	l0	0	
48.3748290485141	                1	l0	0	
48.3748290485141	                1	l0	0	
48.434569100394	                1	l0	0	
48.434569100394	                1	l0	0	
48.4475922044345	                1	l0	0	
48.4475922044345	                1	l0	0	
48.7470407591147	                1	l0	0	
48.7470407591147	                2	l0	0	
49.0439463690217	                2	l0	0	
49.0439463690217	                2	l0	0	
49.0633447269625	                2	l0	0	
49.0633447269625	                2	l0	0	
49.0922221774013	                2	l0	0	
49.0922221774013	                3	l0	0	
49.2183480456327	                3	l0	0	
49.2183480456327	                2	l0	0	
49.6751380243519	                2	l0	0	
49.6751380243519	                2	l0	0	
50.0618208616688	                2	l0	0	
50.0618208616688	                2	l0	0	
50.0634626881902	                2	l0	0	
50.0634626881902	                1	l0	0	
50.1839367343051	                1	l0	0	
50.1839367343051	                2	l0	0	
50.2002294661389	                2	l0	0	
50.2002294661389	                2	l0	0	
50.3895886715498	                2	l0	0	
50.3895886715498	                1	l0	0	
50.4911097714061	                1	l0	0	
50.4911097714061	                1	l0	0	
50.8507488177304	                1	l0	0	
50.8507488177304	                2	l0	0	
50.8705377361869	                2	l0	0	
50.8705377361869	                2	l0	0	
50.8974225856352	                2	l0	0	
50.8974225856352	                2	l0	0	
51.3412013822531	                2	l0	0	
51.3412013822531	                2	l0	0	
51.5080746583958	                2	l0	0	
51.5080746583958	                2	l0	0	
51.5176872973252	                2	l0	0	
51.5176872973252	                2	l0	0	
51.6429074037857	                2	l0	0	
51.6429074037857	                1	l0	0	
51.7407957915218	                1	l0	0	
51.7407957915218	                2	l0	0	
51.8060692982669	                2	l0	0	
51.8060692982669	                1	l0	0	
51.8614222376601	                1	l0	0	
51.8614222376601	                1	l0	0	
51.9260321966278	                1	l0	0	
51.9260321966278	                1	l0	0	
51.9486940392519	                1	l0	0	
51.9486940392519	                2	l0	0	
52.1699104380821	                2	l0	0	
52.1699104380821	                2	l0	0	
52.200549563442	                2	l0	0	
52.200549563442	                2	l0	0	
52.2676249556744	                2	l0	0	
52.2676249556744	                2	l0	0	
52.2822521153817	                2	l0	0	
52.2822521153817	                1	l0	0	
52.6867058992217	                1	l0	0	
52.6867058992217	                2	l0	0	
52.7528927546486	                2	l0	0	
52.7528927546486	                2	l0	0	
52.8169007934325	                2	l0	0	
52.8169007934325	                3	l0	0	
52.9326348376968	                3	l0	0	
52.9326348376968	                3	l0	0	
52.9376698644108	                3	l0	0	
52.9376698644108	                2	l0	0	
52.9559008769273	                2	l0	0	
52.9559008769273	                1	l0	0	
53.2457873247293	                1	l0	0	
53.2457873247293	                2	l0	0	
53.2518816487234	                2	l0	0	
53.2518816487234	                3	l0	0	
53.2549632718789	                3	l0	0	
53.2549632718789	                2	l0	0	
53.2788410345804	                2	l0	0	
53.2788410345804	                3	l0	0	
53.2817419921361	                3	l0	0	
53.2817419921361	                3	l0	0	
53.4859265512156	                3	l0	0	
53.4859265512156	                2	l0	0	
54.0979453962018	                2	l0	0	
54.0979453962018	                2	l0	0	
54.2437604286186	                2	l0	0	
54.2437604286186	                2	l0	0	
54.4185736918935	                2	l0	0	
54.4185736918935	                3	l0	0	
54.5870161429013	                3	l0	0	
54.5870161429013	                3	l0	0	
54.6067852751196	                3	l0	0	
54.6067852751196	                3	l0	0	
54.7350616065605	                3	l0	0	
54.7350616065605	                2	l0	0	
55.4511934026887	                2	l0	0	
55.4511934026887	                3	l0	0	
55.4532030497925	                3	l0	0	
55.4532030497925	                2	l0	0	
55.5438815647496	                2	l0	0	
55.5438815647496	                3	l0	0	
55.5857822727246	                3	l0	0	
55.5857822727246	                3	l0	0	
55.6069711455268	                3	l0	0	
55.6069711455268	                3	l0	0	
55.6434783854128	                3	l0	0	
55.6434783854128	                3	l0	0	
55.9799499407744	                3	l0	0	
55.9799499407744	                3	l0	0	
55.9836913416261	                3	l0	0	
55.9836913416261	                2	l0	0	
56.4077713752305	                2	l0	0	
56.4077713752305	                2	l0	0	
56.4486766340074	                2	l0	0	
56.4486766340074	                2	l0	0	
56.4529281855594	                2	l0	0	
56.4529281855594	                2	l0	0	
56.5465446944608	                2	l0	0	
56.5465446944608	                3	l0	0	
56.5722351660923	                3	l0	0	
56.5722351660923	                3	l0	0	
56.5819566933833	                3	l0	0	
56.5819566933833	                3	l0	0	
56.5995610794769	                3	l0	0	
56.5995610794769	                3	l0	0	
56.9961167082433	                3	l0	0	
56.9961167082433	                3	l0	0	
57.1989793154826	                3	l0	0	
57.1989793154826	                3	l0	0	
57.4397646614868	                3	l0	0	
57.4397646614868	                3	l0	0	
57.4612156170334	                3	l0	0	
57.4612156170334	                3	l0	0	
57.7249852342576	                3	l0	0	
57.7249852342576	                3	l0	0	
58.196123503686	                3	l0	0	
58.196123503686	                3	l0	0	
58.2252848472085	                3	l0	0	
58.2252848472085	                3	l0	0	
58.4790206431157	                3	l0	0	
58.4790206431157	                3	l0	0	
58.5263522548441	                3	l0	0	
58.5263522548441	                3	l0	0	
58.5342693596572	                3	l0	0	
58.5342693596572	                3	l0	0	
58.5377187261162	                3	l0	0	
58.5377187261162	                3	l0	0	
58.6311826041232	                3	l0	0	
58.6311826041232	                3	l0	0	
58.6744305652691	                3	l0	0	
58.6744305652691	                3	l0	0	
58.9326460534085	                3	l0	0	
58.9326460534085	                4	l0	0	
59.6922912133979	                4	l0	0	
59.6922912133979	                4	l0	0	
59.7581959585368	                4	l0	0	
59.7581959585368	                4	l0	0	
60.6325543256189	                4	l0	0	
60.6325543256189	                5	l0	0	
60.6516075012356	                5	l0	0	
60.6516075012356	                5	l0	0	
60.8192993671359	                5	l0	0	
60.8192993671359	                6	l0	0	
60.8873143578168	                6	l0	0	
60.8873143578168	                5	l0	0	
61.009597777442	                5	l0	0	
61.009597777442	                5	l0	0	
61.4630410737919	                5	l0	0	
61.4630410737919	                5	l0	0	
61.5134483016404	                5	l0	0	
61.5134483016404	                5	l0	0	
61.6278365847532	                5	l0	0	
61.6278365847532	                5	l0	0	
61.6816291295857	                5	l0	0	
61.6816291295857	                5	l0	0	
61.6923214982846	                5	l0	0	
61.6923214982846	                4	l0	0	
62.1904100138473	                4	l0	0	
62.1904100138473	                5	l0	0	
62.2180918468068	                5	l0	0	
62.2180918468068	                5	l0	0	
62.2330432037446	                5	l0	0	
62.2330432037446	                4	l0	0	
62.2544207880815	                4	l0	0	
62.2544207880815	                4	l0	0	
62.4637566839803	                4	l0	0	
62.4637566839803	                4	l0	0	
62.5207681226087	                4	l0	0	
62.5207681226087	                4	l0	0	
62.6273734527144	                4	l0	0	
62.6273734527144	                4	l0	0	
62.6428821752772	                4	l0	0	
62.6428821752772	                4	l0	0	
62.9971354696879	                4	l0	0	
62.9971354696879	                4	l0	0	
63.0473624353628	                4	l0	0	
63.0473624353628	                4	l0	0	
63.089930159815	                4	l0	0	
63.089930159815	                4	l0	0	
63.6930904965037	                4	l0	0	
63.6930904965037	                5	l0	0	
63.7274695251211	                5	l0	0	
63.7274695251211	                5	l0	0	
63.8170327441824	                5	l0	0	
63.8170327441824	                5	l0	0	
63.8376447137684	                5	l0	0	
63.8376447137684	                5	l0	0	
64.4139492135126	                5	l0	0	
64.4139492135126	                5	l0	0	
64.4421499175133	                5	l0	0	
64.4421499175133	                4	l0	0	
64.714048302684	                4	l0	0	
64.714048302684	                4	l0	0	
65.1896554342497	                4	l0	0	
65.1896554342497	                5	l0	0	
65.2046017855787	                5	l0	0	
65.2046017855787	                4	l0	0	
65.33154724636	                4	l0	0	
65.33154724636	                5	l0	0	
65.3514477299333	                5	l0	0	
65.3514477299333	                4	l0	0	
65.6188929319158	                4	l0	0	
65.6188929319158	                5	l0	0	
65.6886524552794	                5	l0	0	
65.6886524552794	                4	l0	0	
65.7896797460672	                4	l0	0	
65.7896797460672	                5	l0	0	
65.8073328116319	                5	l0	0	
65.8073328116319	                5	l0	0	
65.8676368479085	                5	l0	0	
65.8676368479085	                5	l0	0	
65.9297581776454	                5	l0	0	
65.9297581776454	                5	l0	0	
66.4677702931869	                5	l0	0	
66.4677702931869	                6	l0	0	
66.509930370783	                6	l0	0	
66.509930370783	                5	l0	0	
66.6006987605593	                5	l0	0	
66.6006987605593	                5	l0	0	
67.0064337093766	                5	l0	0	
67.0064337093766	                5	l0	0	
67.1345272307787	                5	l0	0	
67.1345272307787	                5	l0	0	
67.1805761394954	                5	l0	0	
67.1805761394954	                5	l0	0	
67.2028915643021	                5	l0	0	
67.2028915643021	                4	l0	0	
67.2208216604444	                4	l0	0	
67.2208216604444	                4	l0	0	
67.3003653837751	                4	l0	0	
67.3003653837751	                4	l0	0	
67.3697566436666	                4	l0	0	
67.3697566436666	                4	l0	0	
67.3833910498908	                4	l0	0	
67.3833910498908	                3	l0	0	
67.4916516447285	                3	l0	0	
67.4916516447285	                4	l0	0	
67.494281104681	                4	l0	0	
67.494281104681	                4	l0	0	
67.5302983205759	                4	l0	0	
67.5302983205759	                5	l0	0	
67.5527733925138	                5	l0	0	
67.5527733925138	                4	l0	0	
67.6500181988094	                4	l0	0	
67.6500181988094	                5	l0	0	
67.7166468823453	                5	l0	0	
67.7166468823453	                5	l0	0	
67.9545345946745	                5	l0	0	
67.9545345946745	                5	l0	0	
68.0673297857717	                5	l0	0	
68.0673297857717	                4	l0	0	
68.4112612726205	                4	l0	0	
68.4112612726205	                4	l0	0	
68.4387061552413	                4	l0	0	
68.4387061552413	                4	l0	0	
68.5692031952831	                4	l0	0	
68.5692031952831	                5	l0	0	
68.6972775590705	                5	l0	0	
68.6972775590705	                4	l0	0	
68.9038544092021	                4	l0	0	
68.9038544092021	                5	l0	0	
68.9428469027973	                5	l0	0	
68.9428469027973	                4	l0	0	
69.2808238904484	                4	l0	0	
69.2808238904484	                4	l0	0	
69.3207615972414	                4	l0	0	
69.3207615972414	                4	l0	0	
69.4432522425793	                4	l0	0	
69.4432522425793	                4	l0	0	
69.5156532029246	                4	l0	0	
69.5156532029246	                4	l0	0	
69.8315594336579	                4	l0	0	
69.8315594336579	                4	l0	0	
69.8657480184398	                4	l0	0	
69.8657480184398	                4	l0	0	
69.8853448852324	                4	l0	0	
69.8853448852324	                4	l0	0	
69.8911691859326	                4	l0	0	
69.8911691859326	                4	l0	0	
69.8991357987544	                4	l0	0	
69.8991357987544	                4	l0	0	
70.1615819153962	                4	l0	0	
70.1615819153962	                5	l0	0	
70.234365312285	                5	l0	0	
70.234365312285	                4	l0	0	
70.3237078762925	                4	l0	0	
70.3237078762925	                5	l0	0	
70.3345589048021	                5	l0	0	
70.3345589048021	                4	l0	0	
70.3905237935048	                4	l0	0	
70.3905237935048	                4	l0	0	
70.430918673927	                4	l0	0	
70.430918673927	                3	l0	0	
70.7555148279597	                3	l0	0	
70.7555148279597	                4	l0	0	
70.8795258629802	                4	l0	0	
70.8795258629802	                4	l0	0	
70.9136979820966	                4	l0	0	
70.9136979820966	                3	l0	0	
71.018751479767	                3	l0	0	
71.018751479767	                4	l0	0	
71.0350411594606	                4	l0	0	
71.0350411594606	                4	l0	0	
71.3600892566596	                4	l0	0	
71.3600892566596	                5	l0	0	
71.443821514261	                5	l0	0	
71.443821514261	                4	l0	0	
71.6275061705657	                4	l0	0	
71.6275061705657	                4	l0	0	
72.0283329658439	                4	l0	0	
72.0283329658439	                4	l0	0	
72.0449115728349	                4	l0	0	
72.0449115728349	                4	l0	0	
72.6827317067316	                4	l0	0	
72.6827317067316	                4	l0	0	
72.7432597319589	                4	l0	0	
72.7432597319589	                4	l0	0	
72.7659854672656	                4	l0	0	
72.7659854672656	                5	l0	0	
72.8325746585659	                5	l0	0	
72.8325746585659	                4	l0	0	
72.9959111243936	                4	l0	0	
72.9959111243936	                4	l0	0	
73.0231791582537	                4	l0	0	
73.0231791582537	                3	l0	0	
73.1200497173201	                3	l0	0	
73.1200497173201	                3	l0	0	
73.5660069184215	                3	l0	0	
73.5660069184215	                4	l0	0	
73.5718656932067	                4	l0	0	
73.5718656932067	                4	l0	0	
73.8707526403295	                4	l0	0	
73.8707526403295	                4	l0	0	
73.9020390415402	                4	l0	0	
73.9020390415402	                4	l0	0	
74.3235728138644	                4	l0	0	
74.3235728138644	                4	l0	0	
75.1344132476902	                4	l0	0	
75.1344132476902	                5	l0	0	
75.1469849536305	                5	l0	0	
75.1469849536305	                5	l0	0	
75.4892184285662	                5	l0	0	
75.4892184285662	                6	l0	0	
75.7341559064556	                6	l0	0	
75.7341559064556	                6	l0	0	
75.8208918154968	                6	l0	0	
75.8208918154968	                6	l0	0	
75.8567437897399	                6	l0	0	
75.8567437897399	                6	l0	0	
75.8901605778591	                6	l0	0	
75.8901605778591	                6	l0	0	
76.042968470064	                6	l0	0	
76.042968470064	                5	l0	0	
76.3610336026778	                5	l0	0	
76.3610336026778	                5	l0	0	
76.5837527592718	                5	l0	0	
76.5837527592718	                5	l0	0	
76.643749307821	                5	l0	0	
76.643749307821	                5	l0	0	
76.6842416731175	                5	l0	0	
76.6842416731175	                5	l0	0	
76.7471397368819	                5	l0	0	
76.7471397368819	                4	l0	0	
76.7899054723589	                4	l0	0	
76.7899054723589	                5	l0	0	
76.8495238446138	                5	l0	0	
76.8495238446138	                6	l0	0	
76.8727096267753	                6	l0	0	
76.8727096267753	                5	l0	0	
76.9502286414935	                5	l0	0	
76.9502286414935	                4	l0	0	
77.4047412661926	                4	l0	0	
77.4047412661926	                5	l0	0	
77.423044399443	                5	l0	0	
77.423044399443	                4	l0	0	
77.5546653983505	                4	l0	0	
77.5546653983505	                5	l0	0	
77.7298654388912	                5	l0	0	
77.7298654388912	                4	l0	0	
77.8276354476678	                4	l0	0	
77.8276354476678	                5	l0	0	
78.0470763401147	                5	l0	0	
78.0470763401147	                4	l0	0	
78.1028678627567	                4	l0	0	
78.1028678627567	                5	l0	0	
78.230068836537	                5	l0	0	
78.230068836537	                4	l0	0	
78.3249493254887	                4	l0	0	
78.3249493254887	                4	l0	0	
79.1982734599223	                4	l0	0	
79.1982734599223	                5	l0	0	
79.2065355529215	                5	l0	0	
79.2065355529215	                5	l0	0	
79.9932387256636	                5	l0	0	
79.9932387256636	                5	l0	0	
80.0800694675465	                5	l0	0	
80.0800694675465	                5	l0	0	
80.1382265738266	                5	l0	0	
80.1382265738266	                6	l0	0	
80.2204054702228	                6	l0	0	
80.2204054702228	                5	l0	0	
80.7331194234118	                5	l0	0	
80.7331194234118	                5	l0	0	
80.8295651653158	                5	l0	0	
80.8295651653158	                5	l0	0	
80.8346169294881	                5	l0	0	
80.8346169294881	                6	l0	0	
80.8407901547164	                6	l0	0	
80.8407901547164	                5	l0	0	
80.9249849372996	                5	l0	0	
80.9249849372996	                5	l0	0	
81.3014055107311	                5	l0	0	
81.3014055107311	                5	l0	0	
81.3192276151947	                5	l0	0	
81.3192276151947	                5	l0	0	
81.6272868816401	                5	l0	0	
81.6272868816401	                5	l0	0	
81.6381812331463	                5	l0	0	
81.6381812331463	                4	l0	0	
81.7052147272301	                4	l0	0	
81.7052147272301	                5	l0	0	
81.7068125172006	                5	l0	0	
81.7068125172006	                5	l0	0	
81.8654869236259	                5	l0	0	
81.8654869236259	                5	l0	0	
81.9150971303069	                5	l0	0	
81.9150971303069	                6	l0	0	
81.9769813218417	                6	l0	0	
81.9769813218417	                6	l0	0	
82.148241498995	                6	l0	0	
