0.661686   1.217291   101925776.577508
0.965072   0.486819   1643079.649459
2.104840   0.425566   101627245.279695
1.700491   2.013550   101916809.996882
1.154871   1.949347   101917291.747567
0.102587   1.240771   101919031.016918
0.404906   1.707528   101918630.367733
0.091762   0.382464   101925344.952543
1.879439   0.882400   101622649.588236
0.942344   2.166774   101916935.016043
2.012269   1.514854   101627620.808250
0.512148   0.456770   101775984.855608
0.431322   1.028037   101926106.668188
1.061880   1.744165   101920458.790301
0.512285   2.379453   101919635.662019
1.854686   0.708650   101626855.243530
0.628784   0.086761   1664655.784425
1.338735   2.170110   101916537.046913
0.764778   1.398272   101921256.922087
1.431554   2.336331   101916484.969846
0.965072   0.486819   1647799.229852
0.512285   0.425566   101795378.122521
0.628784   0.086761   1664568.789582
1.061880   0.425566   1637448.860930
0.942344   2.379453   101924629.013068
1.338735   2.170110   101925115.048044
1.879439   2.336331   101917737.687897
0.764778   0.382464   1652503.174367
0.965072   0.486819   1645378.222493
0.628784   0.086761   1663070.841546
1.154871   0.486819   1640083.984711
2.012269   1.514854   101624168.930601
0.404906   1.028037   101923177.151488
0.965072   1.240771   101924396.681061
1.338735   2.170110   101922820.949420
0.965072   0.086761   1647215.144933
1.854686   1.708650   101699890.267159
0.661686   0.217291   1647737.299826
1.512148   0.456770   1629850.024003
0.942344   1.166774   101919138.964851
1.512148   0.456770   1628125.971624
0.965072   1.708650   101921307.270282
1.512148   0.456770   1631873.071629
0.965072   0.486819   1645468.343228
1.338735   2.170110   101917182.504750
1.061880   0.425566   1634281.150068
2.012269   0.086761   101622655.796700
1.512148   0.425566   1626002.746824
1.512148   0.486819   1630037.506348
0.942344   0.486819   1641893.588994
1.154871   0.486819   1635266.997478
1.512148   1.028037   1634982.263021
0.942344   2.379453   101918738.452200
0.965072   0.086761   1643961.748344
0.764778   0.425566   1654153.679653
0.628784   0.217291   1655130.238321
1.061880   1.425566   101919320.558224
0.854686   1.708650   101917961.249925
0.879439   2.336331   101917171.203721
1.942344   0.166774   101622342.526157
1.512148   0.425566   1633110.517762
1.512148   0.425566   1626452.098278
0.942344   2.379453   101919107.508063
0.879439   0.425566   1648171.745038
1.061880   1.425566   101923851.734058
1.512148   0.456770   1631283.391360
1.061880   0.425566   1636235.674622
0.764778   0.425566   1657241.323993
1.512148   0.456770   1624977.850661
0.942344   0.486819   1649394.130804
0.942344   0.486819   1646773.001964
1.512148   1.028037   1632238.569581
1.338735   1.708650   101924222.430614
1.154871   0.486819   1639045.001997
0.854686   1.708650   101923437.077250
1.512148   0.456770   1630924.073190
1.512148   1.456770   101766041.058642
0.965072   1.486819   101920485.934398
0.512148   0.425566   101793212.831035
0.942344   0.166774   1638754.093114
1.512148   0.456770   1633363.683208
1.512148   2.379453   101923745.173269
1.512148   0.456770   1629161.367511
1.512148   0.425566   1624634.144095
1.338735   0.456770   1628466.550015
0.854686   1.028037   101918963.681393
1.512148   0.425566   1628638.846334
1.512148   1.028037   1636387.139882
1.512148   0.425566   1626671.430589
0.764778   0.166774   1648665.344446
1.512148   0.425566   1625974.070202
0.764778   0.425566   1656187.333586
1.154871   0.456770   1640105.271718
1.512148   0.425566   1625994.199582
1.061880   0.425566   1637115.790272
1.512148   0.456770   1627107.466061
1.942344   0.486819   101626264.484278
0.942344   1.486819   101918961.680774
0.965072   2.486819   101918406.840717
0.942344   1.166774   101918267.481161
1.512148   0.425566   1626182.928990
1.942344   0.486819   101626766.432461
1.512148   0.456770   1625921.859144
0.942344   1.166774   101925914.978178
1.512148   1.166774   1630576.816031
0.764778   0.425566   1649808.052070
1.338735   0.456770   1633415.346362
1.512148   0.425566   1633856.407385
1.512148   0.166774   101629406.956414
1.512148   0.425566   1629697.877441
1.512148   2.486819   101916621.369038
1.154871   0.425566   1631691.401177
1.512148   2.379453   101922966.713923
0.854686   1.028037   101924009.896632
1.512148   0.425566   1630797.878155
1.512148   0.425566   1625438.054809
0.512148   0.425566   101791908.333621
0.512148   0.425566   101791381.049078
0.512148   2.028037   101921876.635346
0.512148   0.456770   101773515.640477
1.512148   0.425566   1627251.539191
0.854686   1.028037   101918074.802187
1.512148   0.166774   101627399.036651
1.512148   0.456770   1625712.659217
1.512148   0.456770   1631620.243796
1.512148   0.425566   1628956.345315
1.512148   0.425566   1626964.245309
1.512148   0.456770   1625080.370249
1.942344   1.166774   101629057.933358
1.512148   0.425566   1624384.681920
1.512148   0.425566   1626448.364631
0.512148   0.456770   101769675.220968
1.942344   0.486819   101622193.892313
1.512148   2.028037   101923993.150270
1.512148   0.425566   1633086.984289
0.512148   1.166774   101924466.935123
1.838735   0.456770   101623348.928841
1.012148   0.425566   1639811.732976
1.654871   0.925566   1633627.035317
1.442344   1.166774   1641589.756733
1.512148   0.425566   1628935.815188
1.512148   0.425566   1633794.407056
1.512148   0.925566   1631448.176651
1.512148   0.925566   1627008.656775
1.512148   0.456770   1629983.581510
1.512148   0.425566   1627448.509838
1.942344   0.166774   101618357.072894
1.012148   2.028037   101919586.366204
1.512148   0.456770   1630518.338946
1.512148   0.456770   1628776.113708
1.512148   0.456770   1625474.163152
1.512148   0.425566   1630751.461621
1.512148   1.166774   1632509.443473
0.512148   0.425566   101796434.589564
1.512148   0.425566   1633306.694251
0.512148   0.425566   101799773.159856
0.512148   0.456770   101769078.014843
0.512148   1.456770   101918940.156132
1.512148   1.425566   101792912.871752
2.442344   1.166774   101617057.655293
1.512148   0.456770   1626479.333553
1.512148   0.456770   1633900.349334
1.512148   1.425566   101791561.818185
0.512148   0.425566   101800308.465780
1.512148   0.425566   1633134.991343
1.512148   0.456770   1625647.566063
1.512148   0.925566   1633170.245493
1.512148   0.425566   1632639.732275
0.512148   1.456770   101920070.157086
1.512148   0.456770   1628580.537401
1.512148   0.456770   1627061.901170
1.512148   0.456770   1631855.051371
0.512148   0.456770   101771861.784934
1.942344   0.166774   101618138.694711
1.512148   0.456770   1627590.579483
1.512148   0.456770   1627529.790431
0.512148   2.028037   101922426.165963
1.012148   0.456770   1641102.466320
2.012148   0.925566   101622858.634474
1.012148   0.456770   1645021.435506
1.512148   0.456770   1627779.962296
0.512148   2.028037   101920542.424025
1.512148   0.456770   1632932.165057
2.012148   1.425566   101628298.785389
1.512148   0.456770   1624708.167005
1.512148   0.456770   1631333.706434
0.512148   1.456770   101925710.590847
1.512148   0.456770   1633571.478260
0.512148   1.456770   101919377.427742
1.512148   0.456770   1630124.096255
1.942344   0.425566   101625507.059812
1.512148   0.456770   1624621.423389
1.512148   0.456770   1625772.409317
0.512148   0.456770   101778843.329032
1.512148   0.456770   1633060.679006
1.512148   0.456770   1633467.664627
1.262148   0.925566   1642812.794371
1.762148   0.550566   1626745.913329
1.574648   0.206770   101624075.558270
1.262148   0.519270   1633869.264247
1.512148   0.456770   1625413.165217
1.512148   0.456770   1629209.662502
1.512148   0.456770   1627457.469196
1.512148   0.925566   1628323.976868
1.262148   0.550566   1633826.472142
1.512148   0.456770   1627855.438638
1.762148   0.550566   1625947.634455
1.574648   0.206770   101623401.420247
1.512148   0.456770   1630030.362540
1.512148   0.456770   1629226.452070
1.512148   1.425566   101797602.938641
0.512148   0.456770   101772575.033417
1.512148   0.425566   1632551.377888
1.512148   0.456770   1630749.836962
1.512148   0.456770   1625365.274952
1.512148   0.456770   1631755.995389
1.012148   0.706770   1652415.145305
2.442344   0.425566   101622693.488547
1.262148   1.019270   1642778.066180
0.012148   1.456770   101918640.740631
1.512148   0.456770   1626879.738702
2.442344   0.425566   101624111.938871
1.512148   0.456770   1625952.285305
0.512148   0.456770   101778156.070546
1.512148   0.456770   1627637.043030
0.012148   1.456770   101927463.238036
1.512148   0.925566   1629840.384094
1.762148   0.456770   1628926.237425
1.512148   0.550566   1628957.306178
1.512148   0.925566   1627498.664483
1.512148   0.456770   1628607.487495
1.512148   1.425566   101796310.245711
1.262148   1.019270   1644190.364468
1.512148   0.456770   1629579.869800
1.512148   0.456770   1633448.146736
1.512148   0.456770   1627252.084249
1.262148   0.456770   1635837.399436
1.262148   0.456770   1638135.257194
1.762148   0.456770   1625472.111187
1.512148   0.206770   1631145.433551
1.762148   0.456770   1621208.433826
1.512148   0.456770   1631792.954237
1.762148   0.456770   1628931.319638
1.762148   0.456770   1621454.115743
1.762148   0.456770   1621765.774576
1.512148   1.425566   101795134.743069
1.262148   1.019270   1644719.969599
1.512148   0.456770   1629671.164026
1.262148   0.456770   1634049.062163
0.012148   1.456770   101926379.532442
1.512148   0.456770   1630710.206290
1.762148   0.550566   1625988.064227
1.512148   0.925566   1629172.125784
1.512148   0.925566   1633766.027849
1.512148   0.456770   1629312.950503
1.512148   0.456770   1629591.383066
2.426719   0.300566   101618507.445137
1.512148   0.581770   1631200.435512
1.512148   0.331770   1623491.387648
1.637148   0.456770   1626309.704696
1.762148   0.456770   1628940.497987
1.512148   0.456770   1629409.224053
1.512148   0.456770   1633280.455004
1.762148   0.456770   1622963.966160
1.762148   0.331770   101621758.850292
1.762148   0.456770   1622964.562289
1.512148   0.925566   1627737.105584
1.762148   0.550566   1623944.718070
2.426719   0.456770   101617903.103242
1.262148   0.456770   1634772.460090
1.762148   0.456770   1626106.053267
1.512148   0.456770   1626400.813649
1.762148   0.550566   1628556.150605
1.512148   0.456770   1626805.293084
1.762148   0.456770   1628547.686201
1.512148   0.581770   1630804.990342
1.762148   0.706770   1628920.050411
1.762148   1.675566   101808109.408684
1.262148   0.331770   1632828.614747
1.637148   0.675566   1632542.781259
1.762148   0.456770   1624102.353644
1.512148   0.925566   1628148.670789
1.512148   0.456770   1633054.452688
1.762148   0.456770   1624839.469482
1.762148   0.456770   1626728.839977
1.762148   0.456770   1622517.106228
1.637148   0.675566   1624402.075587
1.762148   0.456770   1625060.504120
2.426719   0.456770   101623773.207051
1.762148   0.456770   1623299.735598
1.762148   0.550566   1627571.711970
1.262148   0.331770   1626290.586224
1.512148   0.456770   1633600.770371
1.512148   0.925566   1635508.380042
1.262148   0.456770   1631939.192794
1.262148   0.456770   1628617.783436
1.887148   0.550566   101628638.502511
1.855898   0.581770   101628414.602702
1.637148   0.581770   1624300.919946
1.637148   0.503645   1627959.273448
1.762148   0.456770   1631033.371561
1.637148   0.675566   1626726.864434
1.762148   0.456770   1621453.925687
1.512148   0.456770   1627154.705052
1.637148   0.581770   1630893.851414
1.762148   0.456770   1629670.120552
1.762148   0.550566   1627180.272403
1.762148   0.503645   1631095.270711
1.762148   0.456770   1624843.935379
1.762148   0.581770   1622496.737765
1.762148   0.456770   1621746.183138
1.762148   0.550566   1623314.788117
1.762148   0.456770   1622757.716046
1.262148   0.331770   1629188.322640
1.762148   0.456770   1623508.547107
1.262148   0.456770   1628456.966113
1.949648   0.800566   101619158.827801
2.012148   0.456770   101621775.169361
1.980898   0.331770   101620662.096349
1.262148   0.206770   1626545.793633
1.762148   0.456770   1622183.596027
1.762148   0.206770   101625265.118202
1.980898   0.331770   101626003.773625
1.762148   0.581770   1625856.448888
1.637148   0.550566   1631014.182442
1.762148   0.456770   1624431.848356
1.762148   0.456770   1628812.523483
1.762148   0.456770   1623628.182694
1.762148   0.331770   101623017.663242
1.262148   0.456770   1631412.161865
1.762148   0.581770   1622085.090071
1.949648   0.800566   101626119.613168
1.762148   0.456770   1624571.656376
1.762148   0.456770   1621464.323065
1.762148   0.456770   1630093.994436
1.762148   0.503645   1628102.352356
2.012148   0.456770   101619533.982726
1.762148   0.956770   1625086.927799
1.637148   1.081770   1628512.187758
2.262148   0.456770   101617243.785394
1.762148   0.456770   1625469.844785
1.637148   0.550566   1631940.805742
1.762148   0.456770   1629887.539732
1.762148   0.581770   1631148.149816
1.762148   0.331770   101625322.358806
1.762148   0.331770   101623813.729015
1.762148   0.456770   1627225.694163
1.762148   0.581770   1623864.812390
1.762148   0.581770   1629620.987308
1.762148   0.456770   1624691.853382
1.762148   0.456770   1628041.543372
1.762148   0.456770   1628019.451509
1.762148   0.503645   1630701.742793
1.762148   0.456770   1624273.524205
1.762148   0.956770   1624211.669035
2.262148   0.456770   101620051.405916
1.887148   0.831770   101622254.956238
1.762148   0.206770   101623124.922583
1.387148   0.206770   1630045.047797
1.762148   0.706770   1625644.418537
1.762148   0.581770   1622035.610273
1.762148   0.956770   1629286.042763
1.762148   0.456770   1622458.093804
1.887148   0.831770   101629840.349577
1.762148   0.581770   1624789.873524
1.762148   0.206770   101624705.501004
1.762148   0.956770   1629307.002176
1.637148   0.206770   101622494.339289
1.762148   0.456770   1625776.126156
1.762148   0.456770   1630219.976014
1.762148   0.456770   1623555.977429
1.387148   0.581770   1627116.575925
1.762148   0.581770   1621523.798406
1.762148   0.503645   1628931.546189
1.762148   0.456770   1629576.905291
1.762148   0.456770   1621733.451137
2.262148   0.331770   101625371.524538
1.824648   0.331770   101620897.618127
1.809023   0.581770   101622761.243542
1.637148   0.675520   1626833.685933
1.762148   0.581770   1621811.218556
1.637148   0.675520   1631551.805018
1.887148   0.456770   101626929.506238
1.762148   0.456770   1627750.298592
1.762148   0.456770   1630125.663830
1.762148   0.456770   1624637.298227
1.762148   0.581770   1628954.293345
1.824648   0.503645   1629401.979859
1.809023   0.956770   101630045.894235
1.762148   0.581770   1628082.768859
1.762148   0.956770   1623686.063740
1.387148   0.456770   1630525.458421
1.762148   0.581770   1621806.388519
1.762148   0.581770   1623793.065566
1.762148   0.456770   1628386.837760
1.762148   0.581770   1623272.008557
1.949648   1.206770   101623169.887735
1.887148   0.331770   101626973.779115
2.449648   0.581770   101617223.837588
1.762148   0.831770   1629237.435074
1.762148   0.581770   1622850.725981
2.449648   0.581770   101621726.511747
1.762148   0.581770   1626348.450417
1.387148   0.956770   1632218.485917
1.762148   0.581770   1628510.272382
1.762148   0.581770   1622434.008504
1.762148   0.581770   1627774.565447
1.762148   0.456770   1626343.545617
1.809023   0.456770   101624601.041130
1.887148   0.456770   101629280.681263
1.762148   0.456770   1622077.653874
1.637148   0.503645   1629914.648335
1.762148   0.581770   1625033.653876
1.762148   0.581770   1627487.879532
1.762148   0.581770   1628449.689770
1.949648   1.206770   101625218.431344
1.887148   0.581770   101629278.647599
1.840273   0.456770   101627590.568377
1.762148   0.706770   1630503.524663
1.637148   0.456770   1633179.756930
1.762148   0.581770   1622850.725981
2.449648   0.581770   101621726.511747
1.762148   0.581770   1626348.450417
1.387148   0.956770   1632218.485917
1.762148   0.581770   1628510.272382
1.762148   0.581770   1622434.008504
1.762148   0.581770   1627774.565447
1.762148   0.456770   1626343.545617
1.809023   0.456770   101624601.041130
1.887148   0.456770   101629280.681263
1.762148   0.456770   1622077.653874
1.637148   0.503645   1629914.648335
1.762148   0.581770   1625033.653876
1.762148   0.581770   1627487.879532
1.762148   0.581770   1628449.689770
1.949648   1.206770   101625218.431344
1.887148   0.581770   101629278.647599
1.840273   0.456770   101627590.568377
1.762148   0.706770   1630503.524663
1.637148   0.456770   1633179.756930
