( RE_ERK, ERKPP_Phase3, RasGTP, RE_ERK_MEKPF, RE_Raf, RE_Raf_RasGTP, RE_ERKPP, RE_RafP, RafP_Phase1, Phase1, RE_ERKP, Phase3, RE_ERKP_Phase3, RE_ERKP_MEKPP, RE_MEK, RE_MEK_RafP, RE_MEKP_Phase2, RE_MEKP, Phase2, MEKPP_Phase2, RE_MEKPP, RE_MEKP_RafP,automata)
0:(3,0,1,0,4,0,0,0,0,3,0,3,0,0,2,0,0,0,2,0,0,0,2)
1:(3,0,0,0,3,1,0,0,0,3,0,3,0,0,2,0,0,0,2,0,0,0,0)
2:(3,0,1,0,4,0,0,0,0,3,0,3,0,0,2,0,0,0,2,0,0,0,3)
3:(3,0,1,0,3,0,0,1,0,3,0,3,0,0,2,0,0,0,2,0,0,0,0)
4:(3,0,0,0,2,1,0,1,0,3,0,3,0,0,2,0,0,0,2,0,0,0,0)
5:(3,0,1,0,3,0,0,0,1,2,0,3,0,0,2,0,0,0,2,0,0,0,0)
6:(3,0,1,0,3,0,0,0,0,3,0,3,0,0,1,1,0,0,2,0,0,0,0)
7:(3,0,0,0,2,1,0,0,0,3,0,3,0,0,1,1,0,0,2,0,0,0,0)
8:(3,0,1,0,3,0,0,1,0,3,0,3,0,0,1,0,0,1,2,0,0,0,0)
