[291](4.2234e-31,1.9187e-30,8.98154e-32,4.93985e-31,0,2.10266e-30,2.08146e-31,7.40636e-31,3.01631e-30,4.81582e-31,1.71204e-30,7.16044e-30,1.4727e-30,5.93271e-30,2.58565e-29,5.72586e-30,2.48651e-29,1.10061e-28,4.88981e-28,2.17437e-27,1.1445e-28,5.08227e-28,3.13338e-29,1.38498e-28,1.29969e-29,5.6979e-29,9.05962e-30,3.95382e-29,8.32993e-30,3.63526e-29,1.59171e-28,6.9752e-28,3.05647e-27,1.73309e-28,7.60413e-28,3.33639e-27,2.50866e-28,1.10553e-27,4.87254e-27,6.13545e-28,2.71953e-27,1.20567e-26,2.25862e-27,1.00406e-26,4.46437e-26,9.67201e-27,4.30323e-26,1.91495e-25,8.52326e-25,3.79438e-24,1.98536e-25,8.83078e-25,5.34576e-26,2.37048e-25,2.14737e-26,9.46256e-26,1.46349e-26,6.41729e-26,1.33887e-26,5.86242e-26,2.56576e-25,1.12239e-24,4.90736e-24,2.81288e-25,1.23247e-24,5.39783e-24,4.16919e-25,1.83667e-24,8.08999e-24,1.05125e-24,4.6625e-24,2.06813e-23,3.9286e-24,1.74806e-23,7.77967e-23,1.68952e-23,7.52451e-23,3.35185e-22,1.49343e-21,6.65553e-21,3.46298e-22,1.5418e-21,9.17454e-23,4.07041e-22,3.56284e-23,1.56882e-22,2.36302e-23,1.03397e-22,2.14444e-23,9.36537e-23,4.0876e-22,1.78289e-21,7.771e-21,4.52201e-22,1.97663e-21,8.63519e-21,6.90679e-22,3.04019e-21,1.33797e-20,1.8061e-21,8.01487e-21,3.55716e-20,6.86582e-21,3.05809e-20,1.36239e-19,2.96674e-20,1.32274e-19,5.89894e-19,2.63134e-18,1.17405e-17,6.07082e-19,2.70577e-18,1.57894e-19,7.00942e-19,5.88715e-20,2.58985e-19,3.77015e-20,1.64501e-19,3.38457e-20,1.47293e-19,6.40454e-19,2.78224e-18,1.20746e-17,7.17273e-19,3.12526e-18,1.36066e-17,1.13907e-18,5.00878e-18,2.20196e-17,3.11212e-18,1.38194e-17,6.13739e-17,1.20624e-17,5.37872e-17,2.39898e-16,5.23969e-17,2.33902e-16,1.04442e-15,4.66477e-15,2.08402e-14,1.07024e-15,4.77574e-15,2.72609e-16,1.21104e-15,9.67783e-17,4.25241e-16,5.91911e-17,2.57263e-16,5.23466e-17,2.26677e-16,9.80362e-16,4.23431e-15,1.82618e-14,1.11708e-15,4.84563e-15,2.0996e-14,1.86799e-15,8.20328e-15,3.6014e-14,5.38078e-15,2.39111e-14,1.06273e-13,2.13163e-14,9.51683e-14,4.24998e-13,9.31301e-14,4.16292e-13,1.86135e-12,8.32494e-12,3.72442e-11,1.89844e-12,8.48248e-12,4.72405e-13,2.1003e-12,1.58058e-13,6.93454e-13,9.08667e-14,3.92749e-13,7.86346e-14,3.38009e-13,1.45015e-12,6.20844e-12,2.65181e-11,1.69519e-12,7.30568e-12,3.14327e-11,3.04135e-12,1.33338e-11,5.8435e-11,9.33947e-12,4.15375e-11,1.84772e-10,3.79112e-11,1.69486e-10,7.57916e-10,1.66672e-10,7.46095e-10,3.34084e-09,1.4964e-08,6.70457e-08,3.39025e-09,1.51694e-08,8.2208e-10,3.65825e-09,2.55984e-10,1.12089e-09,1.34994e-10,5.78599e-10,1.12974e-10,4.79908e-10,2.03202e-09,8.57243e-09,3.60132e-08,2.47448e-09,1.05567e-08,4.49147e-08,4.90584e-09,2.14611e-08,9.38354e-08,1.62824e-08,7.24849e-08,3.2275e-07,6.78943e-08,3.03966e-07,1.36128e-06,3.00489e-07,1.34717e-06,6.04156e-06,2.71028e-05,0.000121624,6.0982e-06,2.73268e-05,1.43739e-06,6.40285e-06,4.10056e-07,1.79088e-06,1.90513e-07,8.05315e-07,1.50567e-07,6.26005e-07,2.58572e-06,1.05975e-05,4.30275e-05,3.39088e-06,1.42141e-05,5.92769e-05,7.81663e-06,3.40946e-05,0.000148608,2.85277e-05,0.000127131,0.000566675,0.000122492,0.00054924,0.00246349,0.000545959,0.00245156,0.011012,0.0494804,0.222404,0.0110528,0.0496052,0.00252643,0.011266,0.00064724,0.00281663,0.00024572,0.00101137,0.000172688,0.000683038,0.00265097,0.0100292,0.0365869,0.00412745,0.0166703,0.0664643,0.0122461,0.0531908,0.230776,0.0502479,0.224148,1,0.222693,1,1,0.260644,1,0.126211,0.395072,1,1)
(27,1)=155
(28,2)=174
(6,0)=31
(29,3)=173
(7,1)=35
(30,4)=192
(31,5)=196
(8,2)=54
(9,3)=53
(10,4)=72
(11,5)=76
(49,0)=288
(29,0)=179
(30,1)=183
(31,2)=187
(9,0)=59
(32,3)=191
(33,4)=200
(10,1)=63
(34,5)=199
(11,2)=67
(12,3)=71
(13,4)=80
(14,5)=79
(32,0)=182
(33,1)=206
(34,2)=205
(35,3)=219
(12,0)=62
(36,4)=223
(13,1)=86
(37,5)=227
(14,2)=85
(15,3)=99
(16,4)=103
(17,5)=107
(35,0)=210
(36,1)=214
(37,2)=218
(38,3)=232
(15,0)=90
(39,4)=231
(16,1)=94
(40,5)=255
(17,2)=98
(18,3)=112
(19,4)=111
(20,5)=135
(38,0)=238
(39,1)=237
(40,2)=246
(41,3)=250
(18,0)=118
(42,4)=254
(19,1)=117
(43,5)=258
(20,2)=126
(21,3)=130
(22,4)=134
(23,5)=138
(41,0)=241
(42,1)=245
(43,2)=264
(44,3)=263
(21,0)=121
(45,4)=282
(22,1)=125
(23,2)=144
(1,0)=0
(24,3)=143
(2,1)=5
(25,4)=162
(3,2)=24
(26,5)=166
(4,3)=23
(5,4)=42
(6,5)=46
(44,0)=269
(45,1)=273
(46,2)=277
(24,0)=149
(47,3)=281
(25,1)=153
(0,3)=9
(26,2)=157
(1,4)=13
(4,0)=29
(27,3)=161
(2,5)=17
(5,1)=33
(28,4)=170
(6,2)=37
(29,5)=169
(7,3)=41
(8,4)=50
(9,5)=49
(47,0)=272
(48,1)=285
(27,0)=152
(28,1)=176
(29,2)=175
(7,0)=32
(30,3)=189
(31,4)=193
(8,1)=56
(32,5)=197
(9,2)=55
(10,3)=69
(11,4)=73
(12,5)=77
(50,0)=289
(30,0)=180
(31,1)=184
(32,2)=188
(33,3)=202
(10,0)=60
(34,4)=201
(11,1)=64
(35,5)=225
(12,2)=68
(13,3)=82
(14,4)=81
(15,5)=105
(33,0)=208
(34,1)=207
(35,2)=216
(36,3)=220
(13,0)=88
(37,4)=224
(14,1)=87
(38,5)=228
(15,2)=96
(16,3)=100
(17,4)=104
(18,5)=108
(36,0)=211
(37,1)=215
(38,2)=234
(39,3)=233
(16,0)=91
(40,4)=252
(17,1)=95
(41,5)=256
(18,2)=114
(19,3)=113
(20,4)=132
(21,5)=136
(39,0)=239
(40,1)=243
(41,2)=247
(42,3)=251
(19,0)=119
(43,4)=260
(20,1)=123
(44,5)=259
(21,2)=127
(22,3)=131
(0,1)=2
(23,4)=140
(1,2)=7
(24,5)=139
(2,3)=11
(3,4)=20
(4,5)=19
(42,0)=242
(43,1)=266
(44,2)=265
(45,3)=279
(22,0)=122
(23,1)=146
(46,4)=283
(24,2)=145
(2,0)=1
(25,3)=159
(0,5)=15
(3,1)=26
(26,4)=163
(4,2)=25
(27,5)=167
(5,3)=39
(6,4)=43
(7,5)=47
(45,0)=270
(46,1)=274
(47,2)=278
(0,2)=6
(25,0)=150
(1,3)=10
(26,1)=154
(2,4)=14
(27,2)=158
(3,5)=18
(5,0)=30
(28,3)=172
(6,1)=34
(29,4)=171
(30,5)=195
(7,2)=38
(8,3)=52
(9,4)=51
(10,5)=75
(48,0)=287
(49,1)=286
(28,0)=178
(29,1)=177
(30,2)=186
(8,0)=58
(31,3)=190
(32,4)=194
(9,1)=57
(33,5)=198
(10,2)=66
(11,3)=70
(12,4)=74
(13,5)=78
(31,0)=181
(32,1)=185
(33,2)=204
(34,3)=203
(11,0)=61
(35,4)=222
(12,1)=65
(36,5)=226
(13,2)=84
(14,3)=83
(15,4)=102
(16,5)=106
(34,0)=209
(35,1)=213
(36,2)=217
(37,3)=221
(14,0)=89
(38,4)=230
(15,1)=93
(39,5)=229
(16,2)=97
(17,3)=101
(18,4)=110
(19,5)=109
(37,0)=212
(38,1)=236
(39,2)=235
(40,3)=249
(17,0)=92
(41,4)=253
(18,1)=116
(42,5)=257
(19,2)=115
(20,3)=129
(21,4)=133
(22,5)=137
(40,0)=240
(41,1)=244
(42,2)=248
(43,3)=262
(20,0)=120
(44,4)=261
(21,1)=124
(22,2)=128
(45,5)=290
(23,3)=142
(1,1)=3
(24,4)=141
(0,0)=4
(2,2)=8
(25,5)=165
(3,3)=22
(4,4)=21
(5,5)=45
(43,0)=268
(44,1)=267
(45,2)=276
(46,3)=280
(23,0)=148
(24,1)=147
(0,4)=12
(25,2)=156
(1,5)=16
(3,0)=28
(26,3)=160
(4,1)=27
(27,4)=164
(5,2)=36
(28,5)=168
(6,3)=40
(7,4)=44
(8,5)=48
(46,0)=271
(47,1)=275
(48,2)=284
(26,0)=151
