% ----------------------------------------------------------------------------
% This file contains profiled data created with the SUMO Toolbox profiler v2014a
% 
%   * Name: ElapsedTime_out
%   * Description: Runtime; number of samples vs elapsed time
%   * Date: 05/05/2015 at 16:09
% 
%   * Column1: 	sampleSize: 	Number of samples
%   * Column2: 	elaspedTime: 	Elapsed Time in minutes
%
% ----------------------------------------------------------------------------

5.000000000E0	5.375566716667E0	
6.000000000E0	6.579897483333E0	
7.000000000E0	7.769810100E0	
8.000000000E0	8.965133833333E0	
9.000000000E0	1.017720441667E1	
1.000000000E1	1.135970385E1	
1.100000000E1	1.253354526667E1	
1.200000000E1	1.369884178333E1	
1.300000000E1	1.486630958333E1	
1.400000000E1	1.605753500E1	
1.500000000E1	1.722414033333E1	
1.600000000E1	1.839453048333E1	
1.700000000E1	1.960243335E1	
1.800000000E1	2.077728540E1	
1.900000000E1	2.195164291667E1	
2.000000000E1	2.313808086667E1	
2.100000000E1	2.431288726667E1	
2.200000000E1	2.550987783333E1	
2.300000000E1	2.669558193333E1	
2.400000000E1	2.790370375E1	
2.500000000E1	2.914417545E1	
2.600000000E1	3.031883945E1	
2.700000000E1	3.150378961667E1	
2.800000000E1	3.271267050E1	
2.900000000E1	3.394827181667E1	
3.000000000E1	3.514003015E1	
3.100000000E1	3.632648821667E1	
3.200000000E1	3.751031021667E1	
3.300000000E1	3.869116303333E1	
3.400000000E1	3.988095303333E1	
3.500000000E1	4.110101860E1	
3.600000000E1	4.230089185E1	
3.700000000E1	4.349950345E1	
3.800000000E1	4.468206641667E1	
3.900000000E1	4.587027468333E1	
4.000000000E1	4.706238258333E1	
4.100000000E1	4.826241953333E1	
4.200000000E1	4.948484226667E1	
4.300000000E1	5.066051808333E1	
4.400000000E1	5.183580671667E1	
4.500000000E1	5.302134103333E1	
4.600000000E1	5.424972583333E1	
4.700000000E1	5.544592176667E1	
4.800000000E1	5.664102806667E1	
4.900000000E1	5.781514473333E1	
5.000000000E1	5.898940510E1	
5.100000000E1	6.016900106667E1	
5.200000000E1	6.135482210E1	
5.300000000E1	6.253137090E1	
5.400000000E1	6.370690000E1	
5.500000000E1	6.488113961667E1	
5.600000000E1	6.605637001667E1	
5.700000000E1	6.723119713333E1	
5.800000000E1	6.841711070E1	
5.900000000E1	6.961379811667E1	
6.000000000E1	7.078911678333E1	
6.100000000E1	7.196622976667E1	
6.200000000E1	7.314138496667E1	
6.300000000E1	7.431720300E1	
6.400000000E1	7.549377248333E1	
6.500000000E1	7.668303941667E1	
6.600000000E1	7.789712121667E1	
6.700000000E1	7.911707611667E1	
6.800000000E1	8.037466228333E1	
6.900000000E1	8.162301103333E1	
7.000000000E1	8.286138143333E1	
7.100000000E1	8.411669188333E1	
7.200000000E1	8.534503906667E1	
7.300000000E1	8.660175326667E1	
7.400000000E1	8.784156581667E1	
7.500000000E1	8.907823870E1	
7.600000000E1	9.031658956667E1	
7.700000000E1	9.155601958333E1	
7.800000000E1	9.279441463333E1	
7.900000000E1	9.403198813333E1	
8.000000000E1	9.528855218333E1	
8.100000000E1	9.652691178333E1	
8.200000000E1	9.778712176667E1	
8.300000000E1	9.905655056667E1	
8.400000000E1	1.002983563167E2	
8.500000000E1	1.015455710E2	
8.600000000E1	1.0285110795E2	
8.700000000E1	1.042040448667E2	
8.800000000E1	1.055007536667E2	
8.900000000E1	1.067589979333E2	
9.000000000E1	1.080021628167E2	
9.100000000E1	1.092429024833E2	
9.200000000E1	1.104812307333E2	
9.300000000E1	1.117220667667E2	
9.400000000E1	1.129563570167E2	
9.500000000E1	1.141822102167E2	
9.600000000E1	1.153703354833E2	
9.700000000E1	1.165463307667E2	
9.800000000E1	1.177221333667E2	
9.900000000E1	1.188992640E2	
1.000000000E2	1.200753488667E2	
