% ----------------------------------------------------------------------------
% This file contains profiled data created with the SUMO Toolbox profiler v2014a
% 
%   * Name: best_sigma2_out
%   * Description: Hyperparameter values for each new best model
%   * Date: 12/05/2015 at 10:42
% 
%   * Column1: 	Number of samples: 	Number of samples
%   * Column2: 	sigma2: 	Process variance
%
% ----------------------------------------------------------------------------

6.000000000E0	1.263802211304E5	
7.000000000E0	4.124499068026E5	
8.000000000E0	4.730600398865E5	
9.000000000E0	4.275010261952E5	
1.000000000E1	3.848075850458E5	
1.100000000E1	3.738431288742E5	
1.200000000E1	3.544724052595E5	
1.300000000E1	3.305020663702E5	
1.400000000E1	3.256638263071E5	
1.500000000E1	3.619066601444E5	
1.600000000E1	4.350140821185E5	
1.700000000E1	1.703727152855E6	
1.800000000E1	1.61629080578E6	
1.900000000E1	1.932165872235E6	
2.000000000E1	1.99176503156E6	
2.100000000E1	1.925932582494E6	
2.200000000E1	1.846360895517E6	
2.300000000E1	1.771776232445E6	
2.400000000E1	1.699394916656E6	
2.500000000E1	1.632417681874E6	
2.600000000E1	1.578985621242E6	
2.700000000E1	1.550691519615E6	
2.800000000E1	1.523012852525E6	
2.900000000E1	1.471647943948E6	
3.000000000E1	1.426658908313E6	
3.100000000E1	1.390318841685E6	
3.200000000E1	1.350516328895E6	
3.300000000E1	1.309624599507E6	
3.400000000E1	1.292683283532E6	
3.500000000E1	1.264124409687E6	
3.600000000E1	1.231405067757E6	
3.700000000E1	1.200025761235E6	
3.800000000E1	1.170245783647E6	
3.900000000E1	1.150624008328E6	
4.000000000E1	1.12592014709E6	
4.100000000E1	1.108761590106E6	
4.200000000E1	1.085596028844E6	
4.300000000E1	1.06094834661E6	
4.400000000E1	1.036959418113E6	
4.500000000E1	1.013934322446E6	
4.600000000E1	9.974579217847E5	
4.700000000E1	9.885865795509E5	
4.800000000E1	9.841395673895E5	
4.900000000E1	9.669417170657E5	
5.000000000E1	9.505954410097E5	
5.100000000E1	9.334118205402E5	
5.200000000E1	9.170628866512E5	
5.300000000E1	9.048961442348E5	
5.400000000E1	8.944952894732E5	
5.500000000E1	2.246442052841E6	
5.600000000E1	2.917649414287E6	
5.700000000E1	7.508059985491E6	
5.800000000E1	8.539443838253E6	
5.900000000E1	8.965733759807E6	
6.000000000E1	8.852916518157E6	
6.100000000E1	8.787750834555E6	
6.200000000E1	8.787942338764E6	
6.300000000E1	8.652349327391E6	
6.400000000E1	8.751600282636E6	
6.500000000E1	8.619255658267E6	
6.600000000E1	8.590586825067E6	
6.700000000E1	8.473053284607E6	
6.800000000E1	1.065202792819E7	
6.900000000E1	1.200172464257E7	
7.000000000E1	1.234429860864E7	
7.100000000E1	1.232435914516E7	
7.200000000E1	1.215346569079E7	
7.300000000E1	1.901703240195E7	
7.400000000E1	2.111074939557E7	
7.500000000E1	2.124556844073E7	
7.600000000E1	2.21951450606E7	
7.700000000E1	2.192869584232E7	
7.800000000E1	2.165481115921E7	
7.900000000E1	2.138334683426E7	
8.000000000E1	2.112147393296E7	
8.100000000E1	2.086071745287E7	
8.200000000E1	2.061330063995E7	
8.300000000E1	2.036529757049E7	
8.400000000E1	2.014555046782E7	
8.500000000E1	1.992416665805E7	
8.600000000E1	1.969256788174E7	
8.700000000E1	1.94811135202E7	
8.800000000E1	1.92602530209E7	
8.900000000E1	1.904384729116E7	
9.000000000E1	1.883708172953E7	
9.100000000E1	1.863892943917E7	
9.200000000E1	1.843822551485E7	
9.300000000E1	1.824137837747E7	
9.400000000E1	1.804834408993E7	
9.500000000E1	1.786209332357E7	
9.600000000E1	1.919309035512E7	
9.700000000E1	2.042713447989E7	
9.800000000E1	2.021889275053E7	
9.900000000E1	2.001658706685E7	
1.000000000E2	1.98315266423E7	
